$summary
                  mean      se_mean           sd          2.5%           25%
beta[1]  -1.019289e-03 1.189257e-05 0.0006425643 -0.0022681650 -1.442838e-03
beta[2]  -8.078297e-04 9.897871e-06 0.0003312893 -0.0014447923 -1.037360e-03
beta[3]  -9.993476e-05 1.065536e-04 0.0045391116 -0.0090265124 -3.114815e-03
beta[4]  -9.204183e-03 7.400764e-05 0.0035455478 -0.0159129571 -1.161039e-02
beta[5]   4.215333e-03 1.505659e-04 0.0053215844 -0.0057934983  6.839494e-04
beta[6]   1.084757e-02 9.753031e-05 0.0050758538  0.0008445248  7.688925e-03
beta[7]  -8.017207e-04 8.661988e-06 0.0003219115 -0.0014336359 -1.015383e-03
beta[8]  -3.146813e-05 1.693687e-04 0.0050395899 -0.0094229213 -3.378916e-03
beta[9]  -1.172418e-03 1.027264e-05 0.0003957737 -0.0019612062 -1.428589e-03
beta[10] -3.306432e-03 1.093872e-05 0.0003507417 -0.0040036840 -3.540568e-03
beta[11] -2.252344e-04 8.789816e-06 0.0003214064 -0.0008388928 -4.455260e-04
beta[12]  1.736504e-02 2.337298e-05 0.0005601794  0.0162753082  1.700404e-02
beta[13]  2.957837e-04 1.479241e-05 0.0004278488 -0.0005187430  1.866749e-06
beta[14]  7.401006e-03 6.434629e-06 0.0002220899  0.0069730374  7.249609e-03
beta[15] -1.354234e-02 1.092673e-04 0.0050946614 -0.0230751011 -1.703063e-02
beta[16]  3.362377e-04 4.889183e-05 0.0006799848 -0.0010217986 -9.086171e-05
beta[17] -2.807765e-03 3.082518e-05 0.0006412665 -0.0040326153 -3.219424e-03
beta[18] -1.211759e-03 3.820724e-05 0.0006547007 -0.0024555595 -1.642816e-03
beta[19]  2.409895e-02 1.974001e-05 0.0004851139  0.0231770234  2.376973e-02
sigma_e   5.822016e-02 4.969437e-06 0.0001481394  0.0579292009  5.812139e-02
phi      -5.535649e-04 3.855464e-06 0.0001041910 -0.0007497348 -6.270301e-04
                   50%           75%         97.5%     n_eff      Rhat
beta[1]  -1.038095e-03 -5.673182e-04  2.297920e-04 2919.3226 0.9993757
beta[2]  -8.045799e-04 -5.874063e-04 -1.599225e-04 1120.2920 0.9999706
beta[3]  -1.095038e-04  2.909683e-03  8.535080e-03 1814.7012 1.0001786
beta[4]  -9.175742e-03 -6.735569e-03 -2.244318e-03 2295.1634 0.9988166
beta[5]   4.124254e-03  7.695360e-03  1.457506e-02 1249.1907 0.9988912
beta[6]   1.068807e-02  1.433489e-02  2.073469e-02 2708.5634 0.9987256
beta[7]  -7.987323e-04 -5.710521e-04 -1.892757e-04 1381.1406 0.9987747
beta[8]  -6.761018e-05  3.445082e-03  9.826714e-03  885.3681 0.9986140
beta[9]  -1.165368e-03 -9.122106e-04 -4.229525e-04 1484.3283 0.9981061
beta[10] -3.301398e-03 -3.076666e-03 -2.632305e-03 1028.1149 0.9998880
beta[11] -2.182828e-04 -8.179545e-06  4.379408e-04 1337.0556 0.9993548
beta[12]  1.738576e-02  1.774180e-02  1.844086e-02  574.4151 1.0013651
beta[13]  2.855275e-04  5.861763e-04  1.087849e-03  836.5712 1.0035884
beta[14]  7.405211e-03  7.547176e-03  7.827687e-03 1191.2712 0.9983524
beta[15] -1.336726e-02 -1.023765e-02 -3.422522e-03 2173.9546 0.9995824
beta[16]  3.097362e-04  7.948812e-04  1.698576e-03  193.4309 1.0095442
beta[17] -2.831582e-03 -2.375490e-03 -1.506160e-03  432.7785 0.9988065
beta[18] -1.225945e-03 -7.560539e-04  1.049666e-05  293.6258 1.0023340
beta[19]  2.408261e-02  2.442478e-02  2.510837e-02  603.9384 1.0041853
sigma_e   5.821618e-02  5.832227e-02  5.850833e-02  888.6417 0.9989752
phi      -5.530314e-04 -4.826557e-04 -3.495450e-04  730.3091 1.0000919


RSS: 274.9419
RMSE: 0.05689003
RMSE/SD: 0.72694
