$summary
                  mean      se_mean           sd          2.5%           25%           50%           75%
beta[1]   2.225653e-03 1.637312e-03 4.951205e-03 -7.642771e-03 -1.022223e-03  3.294649e-03  5.903914e-03
beta[2]  -2.181075e-03 2.755752e-06 7.019434e-05 -2.324357e-03 -2.225622e-03 -2.181225e-03 -2.134442e-03
beta[3]  -5.133603e-03 2.713203e-05 8.264390e-04 -6.780185e-03 -5.667207e-03 -5.120955e-03 -4.623263e-03
beta[4]  -2.843656e-03 2.266594e-05 6.965789e-04 -4.199865e-03 -3.306715e-03 -2.860179e-03 -2.375683e-03
beta[5]  -2.136521e-03 3.969023e-05 9.874646e-04 -3.987639e-03 -2.774953e-03 -2.133838e-03 -1.512880e-03
beta[6]   3.571224e-03 2.851636e-05 9.959035e-04  1.615191e-03  2.892691e-03  3.587225e-03  4.260162e-03
beta[7]  -4.942496e-04 2.331625e-06 6.460178e-05 -6.214432e-04 -5.371647e-04 -4.946829e-04 -4.515719e-04
beta[8]   9.525064e-03 5.710158e-05 1.062110e-03  7.493588e-03  8.797861e-03  9.533520e-03  1.023305e-02
beta[9]   1.803260e-03 3.138047e-06 7.716977e-05  1.653318e-03  1.753315e-03  1.802879e-03  1.856190e-03
beta[10]  2.189805e-04 2.843490e-06 7.245407e-05  8.025304e-05  1.720374e-04  2.186481e-04  2.659592e-04
beta[11]  3.266366e-04 2.321774e-06 6.205282e-05  1.937081e-04  2.890758e-04  3.278352e-04  3.667170e-04
beta[12]  5.881538e-02 1.345084e-05 1.528148e-04  5.851354e-02  5.871545e-02  5.881274e-02  5.890968e-02
beta[13]  6.685565e-04 4.438762e-06 8.967736e-05  4.961776e-04  6.069873e-04  6.697850e-04  7.305565e-04
beta[14]  3.698640e-04 1.246745e-06 4.073785e-05  2.892257e-04  3.414023e-04  3.717055e-04  3.982296e-04
beta[15] -1.732324e-03 3.965968e-05 1.010308e-03 -3.728493e-03 -2.423951e-03 -1.721810e-03 -1.033102e-03
beta[16]  1.609490e-02 6.008146e-03 6.169922e-03  6.660023e-03  1.018478e-02  1.784219e-02  2.206875e-02
beta[17]  2.733388e-01 1.047203e-02 1.565736e-02  2.469863e-01  2.630521e-01  2.714011e-01  2.821510e-01
beta[18] -8.414899e-03 2.966146e-03 3.049786e-03 -1.289435e-02 -1.143416e-02 -8.286395e-03 -5.430544e-03
beta[19]  2.558432e-02 1.115851e-05 1.288671e-04  2.531911e-02  2.549938e-02  2.558925e-02  2.568031e-02
sigma_e   1.063979e-02 6.087565e-07 2.645176e-05  1.058936e-02  1.062192e-02  1.063984e-02  1.065634e-02
phi       4.484836e-05 1.681032e-06 2.607349e-05 -7.574553e-06  2.698992e-05  4.490589e-05  6.122287e-05
                 97.5%       n_eff      Rhat
beta[1]   9.917725e-03    9.144480 1.4563204
beta[2]  -2.042247e-03  648.819571 0.9986558
beta[3]  -3.485317e-03  927.805527 0.9991453
beta[4]  -1.467395e-03  944.480715 1.0022434
beta[5]  -1.069125e-04  618.979041 1.0037235
beta[6]   5.456947e-03 1219.681494 0.9986568
beta[7]  -3.634523e-04  767.664630 1.0005701
beta[8]   1.159436e-02  345.973553 1.0014315
beta[9]   1.955992e-03  604.749438 0.9996355
beta[10]  3.548078e-04  649.265373 1.0018178
beta[11]  4.462317e-04  714.304520 0.9994242
beta[12]  5.912269e-02  129.071979 1.0024472
beta[13]  8.466659e-04  408.170840 1.0046090
beta[14]  4.476643e-04 1067.679570 1.0027825
beta[15]  2.110428e-04  648.947173 1.0008671
beta[16]  2.303435e-02    1.054577 8.4044055
beta[17]  3.038033e-01    2.235503 3.1820229
beta[18] -4.452744e-03    1.057191 5.5523106
beta[19]  2.580868e-02  133.374300 1.0062252
sigma_e   1.069220e-02 1888.086959 0.9983785
phi       9.507917e-05  240.572643 1.0145894

RSS:  9.105574

RMSE:  0.01035308

RMSE/SD:  0.09651448