$summary
                  mean      se_mean           sd          2.5%           25%           50%           75%        97.5%      n_eff      Rhat
beta[1]   0.0058471078 1.021379e-04 0.0047668449 -0.0036238397  2.740464e-03  0.0058752771  0.0090512195  0.015088167 2178.15351 1.0012348
beta[2]   0.0006301287 4.004147e-05 0.0011383485 -0.0017244531 -8.482119e-05  0.0006398307  0.0013908754  0.002864565  808.22147 1.0003740
beta[3]  -0.0955356427 3.330827e-04 0.0132135397 -0.1220638816 -1.042515e-01 -0.0962777938 -0.0865394190 -0.069629425 1573.74474 0.9990665
beta[4]  -0.0467578498 4.052196e-04 0.0117366387 -0.0703282113 -5.462312e-02 -0.0463534754 -0.0385288468 -0.024245918  838.89298 1.0008083
beta[5]   0.0943124171 6.010358e-04 0.0162112965  0.0615250283  8.342607e-02  0.0949376233  0.1053708885  0.125929310  727.50308 1.0017130
beta[6]   0.0454563295 4.735623e-04 0.0165535847  0.0153055303  3.432584e-02  0.0453794981  0.0566503790  0.078871959 1221.88345 0.9982527
beta[7]   0.0317376616 3.596655e-05 0.0010974394  0.0296291228  3.097637e-02  0.0317096465  0.0325176264  0.033876348  931.02982 0.9986038
beta[8]   0.0957861461 8.244137e-04 0.0175598319  0.0624939410  8.319335e-02  0.0957616156  0.1077564955  0.131643523  453.68071 0.9993634
beta[9]   0.0725215084 3.889908e-05 0.0011970330  0.0702594231  7.169572e-02  0.0724806066  0.0733237997  0.074929832  946.96413 0.9991984
beta[10]  0.0304738276 3.742912e-05 0.0011152410  0.0282152057  2.973593e-02  0.0304931668  0.0312221077  0.032528377  887.80635 0.9982380
beta[11] -0.0112805581 3.116019e-05 0.0009785322 -0.0131721112 -1.193228e-02 -0.0112831372 -0.0105997862 -0.009348092  986.16609 0.9985954
beta[12]  0.1500076478 2.465691e-04 0.0038089149  0.1425540080  1.474020e-01  0.1500017737  0.1524545165  0.158373297  238.63005 1.0086037
beta[13]  0.0109374312 6.944436e-05 0.0015026334  0.0079698264  9.935550e-03  0.0109620936  0.0118963114  0.013815629  468.20081 0.9985529
beta[14]  0.0114952839 2.092047e-05 0.0006873045  0.0101852266  1.102097e-02  0.0115171478  0.0119632821  0.012777002 1079.33303 0.9983762
beta[15] -0.0019752517 6.516907e-04 0.0174403628 -0.0364479735 -1.346213e-02 -0.0021777325  0.0101577035  0.031140698  716.18951 0.9990861
beta[16] -0.0025083162 9.697112e-04 0.0052489379 -0.0123143361 -5.924655e-03 -0.0030319206  0.0006751092  0.009366367   29.29935 1.0624382
beta[17]  0.0369442498 5.644013e-04 0.0042771338  0.0289769678  3.399799e-02  0.0367515072  0.0396076984  0.046359594   57.42879 1.0484523
beta[18]  0.0058883844 1.031205e-03 0.0055292202 -0.0053674342  2.119899e-03  0.0059869333  0.0095828602  0.016440895   28.75000 1.0180318
beta[19]  0.0736160847 1.643773e-04 0.0023986174  0.0689911107  7.197276e-02  0.0736358553  0.0752133078  0.078337026  212.93071 1.0058916
sigma_e   0.1712749370 1.534985e-05 0.0004438762  0.1704268865  1.709811e-01  0.1712710744  0.1715596232  0.172135943  836.21001 0.9995882
phi       0.0016435533 2.286497e-05 0.0004251020  0.0008438655  1.333424e-03  0.0016476767  0.0019509194  0.002455883  345.65673 1.0016736
gamma[1]  0.0092726338 4.195086e-04 0.0049442380 -0.0005133323  6.023358e-03  0.0092168655  0.0122621659  0.019288101  138.90475 1.0065147

$c_summary
, , chains = chain:1

          stats
parameter           mean           sd          2.5%           25%           50%          75%        97.5%
  beta[1]   0.0058157949 0.0044979154 -0.0029801437  3.018326e-03  0.0058752771  0.008962780  0.014558958
  beta[2]   0.0006935909 0.0011640479 -0.0018446983 -4.007989e-06  0.0007366588  0.001460732  0.002859653
  beta[3]  -0.0952935269 0.0134348174 -0.1216323193 -1.043415e-01 -0.0964602491 -0.085958821 -0.068938882
  beta[4]  -0.0461172620 0.0119433480 -0.0696570359 -5.353665e-02 -0.0459109750 -0.038352840 -0.023185526
  beta[5]   0.0935151715 0.0156643246  0.0641959425  8.265646e-02  0.0929125620  0.103590386  0.123661193
  beta[6]   0.0452165468 0.0171010353  0.0150102134  3.361704e-02  0.0449171265  0.056876483  0.079889653
  beta[7]   0.0317431151 0.0010997517  0.0295109916  3.100482e-02  0.0317332311  0.032495159  0.033864495
  beta[8]   0.0963915576 0.0172095331  0.0640634488  8.344670e-02  0.0964032359  0.108037481  0.130698662
  beta[9]   0.0725358802 0.0012068931  0.0704581219  7.170635e-02  0.0724396266  0.073385600  0.074965672
  beta[10]  0.0304732360 0.0010955267  0.0282621917  2.975462e-02  0.0304471271  0.031283467  0.032322966
  beta[11] -0.0113051877 0.0009172135 -0.0131413538 -1.190544e-02 -0.0112884945 -0.010664385 -0.009531390
  beta[12]  0.1500564044 0.0038279975  0.1426546994  1.473397e-01  0.1500891444  0.152489131  0.158020205
  beta[13]  0.0109698246 0.0014527108  0.0081211285  1.000044e-02  0.0109693438  0.011893932  0.013760045
  beta[14]  0.0114882443 0.0006974129  0.0101890362  1.099629e-02  0.0115330382  0.011960672  0.012770867
  beta[15] -0.0014063185 0.0176376445 -0.0347771953 -1.271217e-02 -0.0013409146  0.010973212  0.032183080
  beta[16] -0.0015655738 0.0047717812 -0.0099106205 -5.068935e-03 -0.0015160001  0.001301354  0.008407366
  beta[17]  0.0363625627 0.0041154945  0.0290032952  3.348561e-02  0.0360903542  0.039102192  0.045457726
  beta[18]  0.0053550271 0.0054748147 -0.0050584931  1.824023e-03  0.0054365526  0.008397453  0.018682593
  beta[19]  0.0738487427 0.0024693387  0.0689488559  7.224778e-02  0.0739787316  0.075418819  0.078734389
  sigma_e   0.1712923665 0.0004303924  0.1704702806  1.710053e-01  0.1712936062  0.171564086  0.172112820
  phi       0.0016599617 0.0004308924  0.0008724890  1.366971e-03  0.0016596463  0.001973025  0.002472606
  gamma[1]  0.0096024464 0.0051238810 -0.0003001923  6.194958e-03  0.0092140656  0.012981577  0.019527783

, , chains = chain:2

          stats
parameter           mean           sd          2.5%           25%           50%           75%        97.5%
  beta[1]   0.0058784207 0.0050257288 -0.0040167942  0.0025338442  0.0058820331  0.0092220197  0.015495514
  beta[2]   0.0005666664 0.0011095913 -0.0016500375 -0.0001442106  0.0005214138  0.0013103763  0.002881735
  beta[3]  -0.0957777586 0.0129974368 -0.1220681776 -0.1041505145 -0.0960631170 -0.0869123594 -0.071675862
  beta[4]  -0.0473984376 0.0115025004 -0.0707173572 -0.0557285996 -0.0473717284 -0.0386982355 -0.025927828
  beta[5]   0.0951096628 0.0167180776  0.0609052241  0.0840962591  0.0965762882  0.1063131083  0.126705414
  beta[6]   0.0456961121 0.0160009638  0.0157275592  0.0347658620  0.0454406420  0.0562656021  0.078215776
  beta[7]   0.0317322081 0.0010961965  0.0297296328  0.0309359742  0.0316869169  0.0325410054  0.033834192
  beta[8]   0.0951807346 0.0179000218  0.0614554710  0.0828858522  0.0952807696  0.1074091787  0.131755864
  beta[9]   0.0725071367 0.0011881258  0.0701481457  0.0716924748  0.0725362422  0.0732368944  0.074765802
  beta[10]  0.0304744193 0.0011357103  0.0282418621  0.0297192923  0.0305253357  0.0312016874  0.032631140
  beta[11] -0.0112559286 0.0010365680 -0.0131686786 -0.0119490610 -0.0112767620 -0.0105651454 -0.009146873
  beta[12]  0.1499588911 0.0037929423  0.1424853092  0.1474513830  0.1498748242  0.1524491179  0.158406905
  beta[13]  0.0109050379 0.0015517305  0.0078172663  0.0098694949  0.0109574018  0.0118978412  0.013871673
  beta[14]  0.0115023236 0.0006776707  0.0101957011  0.0110527944  0.0115123904  0.0119678648  0.012775857
  beta[15] -0.0025441848 0.0172396893 -0.0375318579 -0.0138039077 -0.0029016268  0.0091126595  0.029727783
  beta[16] -0.0034510586 0.0055323528 -0.0134134958 -0.0065857775 -0.0040453202 -0.0005017049  0.009742635
  beta[17]  0.0375259369 0.0043599355  0.0290186554  0.0346339154  0.0373191558  0.0402524154  0.046705385
  beta[18]  0.0064217417 0.0055373408 -0.0054398865  0.0023827514  0.0069040401  0.0105296423  0.016024603
  beta[19]  0.0733834267 0.0023048104  0.0689998048  0.0717575575  0.0732676255  0.0749022998  0.077931922
  sigma_e   0.1712575075 0.0004567281  0.1703776890  0.1709531973  0.1712521310  0.1715570447  0.172154862
  phi       0.0016271450 0.0004190199  0.0008304192  0.0013083607  0.0016433198  0.0019194562  0.002406863
  gamma[1]  0.0089428211 0.0047400234 -0.0007683490  0.0059710108  0.0092375611  0.0119787319  0.018589350


TRAIN SET
RSS:  2229.653
RMSE:  0.1668304
RMSE/SD:  0.4061408

TEST SET
RSS:  163.5924
RMSE:  0.1979727
RMSE/SD:  0.4735191
