$summary
                 mean      se_mean           sd          2.5%           25%           50%           75%        97.5%       n_eff      Rhat
beta[1]  -0.001368688 1.232048e-04 0.0027525868 -0.0068028995 -0.0033282100 -0.0012485668  0.0004640605  0.003992514  499.145019 1.0024633
beta[2]   0.025837088 1.946070e-05 0.0003992725  0.0250151735  0.0255746087  0.0258580469  0.0261144285  0.026596225  420.941910 0.9989490
beta[3]  -0.013931031 1.564509e-04 0.0043532878 -0.0221579557 -0.0166289686 -0.0141353898 -0.0109705389 -0.004705086  774.245852 1.0003234
beta[4]  -0.068546444 1.952052e-04 0.0038057213 -0.0758257352 -0.0712787800 -0.0686366666 -0.0660186332 -0.061054430  380.094314 1.0063464
beta[5]   0.076835264 3.363083e-04 0.0056298696  0.0660479902  0.0730782682  0.0768103453  0.0806189943  0.088335200  280.234436 1.0101255
beta[6]   0.071601489 2.878910e-04 0.0055261356  0.0612252902  0.0677329935  0.0714722365  0.0753576164  0.082314893  368.457172 1.0019649
beta[7]  -0.009857082 1.958731e-05 0.0003796604 -0.0105988830 -0.0101177887 -0.0098554203 -0.0096142484 -0.009085262  375.699846 1.0009988
beta[8]  -0.035416129 3.959210e-04 0.0060439089 -0.0482726708 -0.0393614174 -0.0354066877 -0.0312669277 -0.024134363  233.033728 1.0101867
beta[9]  -0.008981815 2.583836e-05 0.0004545115 -0.0098841869 -0.0092682195 -0.0089745914 -0.0086745803 -0.008098260  309.428184 1.0019561
beta[10] -0.003345464 2.292315e-05 0.0004050805 -0.0040903834 -0.0036328367 -0.0033582396 -0.0030901751 -0.002496969  312.272627 1.0004161
beta[11] -0.008545692 2.305557e-05 0.0003571553 -0.0092548869 -0.0087800540 -0.0085441762 -0.0083141622 -0.007837458  239.972991 1.0089793
beta[12] -0.092621097 1.104630e-04 0.0008901159 -0.0944588771 -0.0931815929 -0.0926382298 -0.0920104487 -0.090968815   64.932067 1.0608977
beta[13]  0.000744245 3.784498e-05 0.0005302671 -0.0001682415  0.0003602223  0.0007348177  0.0011166321  0.001769572  196.323744 1.0069748
beta[14] -0.001997010 8.809542e-06 0.0002580690 -0.0024711702 -0.0021787950 -0.0019956975 -0.0018166312 -0.001498558  858.153222 1.0052934
beta[15] -0.052381853 2.954997e-04 0.0055909946 -0.0630814264 -0.0560679513 -0.0524882574 -0.0488350565 -0.041255009  357.984347 1.0042534
beta[16]  0.004450515 1.271488e-03 0.0030378360 -0.0014627805  0.0026223324  0.0042255878  0.0066985779  0.010441802    5.708262 1.6623979
beta[17]  0.045638923 5.541231e-04 0.0019810936  0.0415016057  0.0444004633  0.0458253352  0.0470222274  0.049216049   12.781961 1.1819171
beta[18]  0.001028425 1.125026e-03 0.0027656958 -0.0027662094 -0.0010831472  0.0004242040  0.0022427096  0.007572663    6.043430 1.3149621
beta[19] -0.017948122 8.652340e-05 0.0007456307 -0.0194450424 -0.0184101246 -0.0179595188 -0.0174480045 -0.016503559   74.264352 1.0063123
sigma_e   0.060977802 3.075544e-06 0.0001419910  0.0606915353  0.0608773184  0.0609839680  0.0610771546  0.061229220 2131.461230 0.9987076
phi       0.001967041 1.449642e-05 0.0001607505  0.0016498478  0.0018637203  0.0019627785  0.0020709670  0.002291993  122.965544 1.0145001

RSS:  299.7734

RMSE:  0.05940353

RMSE/SD:  0.2608921