$summary
                  mean      se_mean           sd          2.5%           25%           50%           75%         97.5%     n_eff      Rhat
beta[1]  -0.0012468084 4.108954e-05 8.867210e-04 -2.997266e-03 -0.0018131195 -0.0012398341 -0.0006924807  0.0004749130  465.7056 1.0080979
beta[2]  -0.0021530065 2.384921e-06 7.157099e-05 -2.292270e-03 -0.0022019045 -0.0021538403 -0.0021049472 -0.0020067017  900.5880 1.0009646
beta[3]  -0.0053605504 2.507341e-05 7.948193e-04 -6.835665e-03 -0.0059026733 -0.0054003078 -0.0047899409 -0.0038315986 1004.8704 1.0032123
beta[4]  -0.0026973843 2.341537e-05 7.231856e-04 -4.150719e-03 -0.0031898654 -0.0026867464 -0.0022092804 -0.0012657065  953.8883 1.0034927
beta[5]  -0.0024807910 3.829775e-05 1.029058e-03 -4.525021e-03 -0.0031546650 -0.0024888241 -0.0018155067 -0.0004766500  721.9939 1.0006480
beta[6]   0.0035975909 3.002737e-05 1.017567e-03  1.550735e-03  0.0029348565  0.0036217165  0.0042728789  0.0055554659 1148.3963 1.0011453
beta[7]  -0.0004711819 2.193005e-06 6.685756e-05 -6.049650e-04 -0.0005115796 -0.0004710782 -0.0004249477 -0.0003422336  929.4412 0.9990410
beta[8]   0.0101933954 4.927963e-05 1.124485e-03  8.044336e-03  0.0094302688  0.0101908477  0.0109133584  0.0125171259  520.6819 1.0000670
beta[9]   0.0018008333 3.112211e-06 7.669632e-05  1.650855e-03  0.0017463192  0.0018022298  0.0018551642  0.0019500209  607.3106 1.0007762
beta[10]  0.0001911222 2.581367e-06 7.294847e-05  4.494271e-05  0.0001423926  0.0001940471  0.0002396998  0.0003272769  798.6064 1.0031911
beta[11]  0.0003155778 2.036665e-06 6.211217e-05  1.883285e-04  0.0002756466  0.0003168169  0.0003575208  0.0004324529  930.0670 0.9994528
beta[12]  0.0597480290 1.350638e-05 1.518934e-04  5.946910e-02  0.0596453117  0.0597459048  0.0598411575  0.0600734843  126.4736 1.0019405
beta[13]  0.0006017432 4.810455e-06 9.521724e-05  4.143472e-04  0.0005394744  0.0006013445  0.0006613334  0.0007887753  391.7951 0.9996117
beta[14]  0.0003447592 1.157143e-06 4.260645e-05  2.618652e-04  0.0003182805  0.0003456976  0.0003724161  0.0004305245 1355.7402 0.9991309
beta[15] -0.0013574328 3.294915e-05 1.046802e-03 -3.278378e-03 -0.0020598249 -0.0013586522 -0.0006295895  0.0007048033 1009.3479 1.0001978
beta[16]  0.0257120194 1.077256e-05 1.298854e-04  2.546089e-02  0.0256241765  0.0257114707  0.0257969338  0.0259712050  145.3727 1.0063152
sigma_e   0.0103818244 6.347199e-07 2.826736e-05  1.032515e-02  0.0103622898  0.0103815681  0.0104008813  0.0104383856 1983.3823 0.9986019

$c_summary
, , chains = chain:1

          stats
parameter           mean           sd          2.5%           25%           50%           75%         97.5%
  beta[1]  -0.0011969148 8.444007e-04 -2.936144e-03 -0.0017438618 -0.0011904779 -0.0006612468  0.0004549845
  beta[2]  -0.0021563881 7.314770e-05 -2.293711e-03 -0.0022075751 -0.0021552563 -0.0021051314 -0.0020118061
  beta[3]  -0.0053331405 7.790666e-04 -6.841557e-03 -0.0058392271 -0.0053759079 -0.0048354852 -0.0038051768
  beta[4]  -0.0027127216 7.300342e-04 -4.211612e-03 -0.0031878384 -0.0026905011 -0.0022674930 -0.0012034911
  beta[5]  -0.0024749608 1.002015e-03 -4.463693e-03 -0.0030999772 -0.0024879674 -0.0018241989 -0.0006028401
  beta[6]   0.0036143332 1.041260e-03  1.610751e-03  0.0029157062  0.0036484230  0.0042798543  0.0056077505
  beta[7]  -0.0004737638 6.586854e-05 -6.053068e-04 -0.0005118746 -0.0004721606 -0.0004321169 -0.0003413573
  beta[8]   0.0101508949 1.154904e-03  8.043013e-03  0.0093617144  0.0101347275  0.0108877635  0.0125128780
  beta[9]   0.0017991824 7.724384e-05  1.657932e-03  0.0017431238  0.0017985333  0.0018554705  0.0019524539
  beta[10]  0.0001924285 7.244431e-05  5.499281e-05  0.0001425930  0.0001905591  0.0002432310  0.0003312577
  beta[11]  0.0003177755 6.066447e-05  1.884838e-04  0.0002763272  0.0003179632  0.0003592637  0.0004280902
  beta[12]  0.0597574372 1.457670e-04  5.950202e-02  0.0596549502  0.0597582560  0.0598452749  0.0600506229
  beta[13]  0.0006062805 9.655296e-05  4.113263e-04  0.0005457947  0.0006097602  0.0006689282  0.0007978862
  beta[14]  0.0003447089 4.111187e-05  2.687997e-04  0.0003181670  0.0003446417  0.0003718651  0.0004243863
  beta[15] -0.0013869659 1.084037e-03 -3.274499e-03 -0.0021747971 -0.0013769395 -0.0006619589  0.0007762461
  beta[16]  0.0256992780 1.260262e-04  2.546088e-02  0.0256125620  0.0256961843  0.0257826731  0.0259460364
  sigma_e   0.0103819484 2.853867e-05  1.032539e-02  0.0103608513  0.0103818800  0.0104021248  0.0104372239

, , chains = chain:2

          stats
parameter           mean           sd          2.5%           25%           50%           75%         97.5%
  beta[1]  -0.0012967019 9.252690e-04 -3.074791e-03 -0.0018943213 -0.0012707049 -0.0007176294  0.0004776954
  beta[2]  -0.0021496249 6.986827e-05 -2.288099e-03 -0.0021962235 -0.0021514690 -0.0021042593 -0.0020050807
  beta[3]  -0.0053879603 8.101179e-04 -6.834838e-03 -0.0059633273 -0.0054324323 -0.0047694387 -0.0038383197
  beta[4]  -0.0026820471 7.166740e-04 -4.054301e-03 -0.0031901764 -0.0026856923 -0.0021391822 -0.0013236688
  beta[5]  -0.0024866213 1.056382e-03 -4.538435e-03 -0.0032373394 -0.0024890874 -0.0018094787 -0.0003489821
  beta[6]   0.0035808486 9.940709e-04  1.519244e-03  0.0029448006  0.0035764262  0.0042412195  0.0054570904
  beta[7]  -0.0004685999 6.779969e-05 -6.043983e-04 -0.0005105456 -0.0004699070 -0.0004216745 -0.0003430354
  beta[8]   0.0102358959 1.092724e-03  8.056659e-03  0.0095566610  0.0102358757  0.0109466068  0.0124682427
  beta[9]   0.0018024842 7.618639e-05  1.645545e-03  0.0017491640  0.0018036456  0.0018541548  0.0019440392
  beta[10]  0.0001898158 7.349847e-05  4.025274e-05  0.0001410078  0.0001958776  0.0002358877  0.0003271258
  beta[11]  0.0003133802 6.351156e-05  1.872439e-04  0.0002744123  0.0003158108  0.0003563054  0.0004346221
  beta[12]  0.0597386208 1.573659e-04  5.945230e-02  0.0596281817  0.0597320869  0.0598301099  0.0600750505
  beta[13]  0.0005972060 9.373946e-05  4.261819e-04  0.0005323692  0.0005893496  0.0006562035  0.0007772491
  beta[14]  0.0003448095 4.409156e-05  2.566033e-04  0.0003185597  0.0003468978  0.0003727305  0.0004328552
  beta[15] -0.0013278996 1.008416e-03 -3.286315e-03 -0.0019876234 -0.0013414488 -0.0006128338  0.0006125247
  beta[16]  0.0257247608 1.325379e-04  2.546371e-02  0.0256322109  0.0257203475  0.0258113684  0.0259807835
  sigma_e   0.0103817003 2.802146e-05  1.032537e-02  0.0103651506  0.0103814758  0.0103992876  0.0104404474


TRAIN SET
RSS:  8.163473
RMSE:  0.01009472
RMSE/SD:  0.094874

TEST SET
RSS:  0.8391605
RMSE:  0.01417902
RMSE/SD:  0.1231698

