COLESTEROLO                                                                                                                                                                        
RSS:  300.9479
RMSE:  0.05356674
RMSE/SD:  0.2205788
                 mean      se_mean           sd          2.5%          25%          50%          75%         97.5%      n_eff      Rhat
beta[1]   0.049408861 4.210886e-05 0.0009483496  0.0475411024  0.048770763  0.049431909  0.050051846  0.0512275676  507.21257 0.9993997
beta[2]   0.021402821 3.660472e-05 0.0009442157  0.0195208328  0.020789002  0.021392953  0.022038400  0.0232148835  665.37777 1.0010928
beta[3]  -0.024264203 4.194028e-05 0.0009776555 -0.0260977694 -0.024903181 -0.024249000 -0.023591070 -0.0222629504  543.38682 1.0041614
beta[4]   0.059870329 1.098656e-04 0.0019626973  0.0560320322  0.058517385  0.059892789  0.061281020  0.0636031549  319.14128 1.0007235
beta[5]  -0.051313410 1.380026e-04 0.0020259243 -0.0553159768 -0.052653444 -0.051356111 -0.049971573 -0.0474656034  215.51212 0.9998711
beta[6]  -0.008704034 4.621378e-05 0.0010125307 -0.0107272935 -0.009346326 -0.008714467 -0.008051435 -0.0065815349  480.03556 0.9996340
beta[7]  -0.008122350 4.325419e-05 0.0009383856 -0.0098808656 -0.008766543 -0.008126594 -0.007485698 -0.0062127758  470.65882 1.0044793
beta[8]  -0.101589086 1.050040e-04 0.0017070041 -0.1048154113 -0.102747789 -0.101646303 -0.100370907 -0.0983705527  264.27571 1.0077123
beta[9]  -0.003152884 6.377521e-05 0.0011906072 -0.0054645723 -0.003924831 -0.003128497 -0.002331416 -0.0008557865  348.52439 1.0012649
beta[10] -0.002031629 1.751612e-05 0.0005499339 -0.0031020474 -0.002429082 -0.002054395 -0.001656079 -0.0009244943  985.70096 1.0000100
beta[11]  0.005216828 3.625983e-04 0.0025183116  0.0003658685  0.003553294  0.005237643  0.006901528  0.0102855284   48.23558 1.0035705
beta[12]  0.036967030 2.509197e-04 0.0024555103  0.0318367972  0.035370550  0.037184973  0.038632051  0.0414859955   95.76656 1.0317673
beta[13] -0.020582568 8.937844e-05 0.0013821699 -0.0231972841 -0.021543459 -0.020635609 -0.019599530 -0.0178392081  239.14284 1.0029056
sigma_e   0.093029942 9.278111e-06 0.0003470828  0.0923788438  0.092797358  0.093020304  0.093259016  0.0937002124 1399.41648 0.9983460
------------------------------------------------------------------------------------------------------------------------------------------
CIRCONFERENZA VITA
RSS:  9.05692
RMSE:  0.009292655
RMSE/SD:  0.08056553
                  mean      se_mean           sd          2.5%           25%           50%           75%         97.5%      n_eff      Rhat
beta[1]  -0.0016128592 2.596323e-05 0.0008724081 -3.319628e-03 -0.0021760166 -0.0016159312 -0.0010432311  5.687358e-05 1129.07295 0.9988466
beta[2]  -0.0037957636 3.222354e-04 0.0063493999 -1.650124e-02 -0.0078841096 -0.0036768772  0.0004778035  8.703791e-03  388.25651 0.9996064
beta[3]  -0.0027728276 1.643327e-04 0.0032643636 -9.311242e-03 -0.0049005644 -0.0027693496 -0.0006370213  3.656258e-03  394.59270 0.9995667
beta[4]   0.0042844838 3.452023e-04 0.0068037489 -9.052532e-03 -0.0002717511  0.0041608175  0.0086646731  1.801380e-02  388.46263 0.9997728
beta[5]  -0.0006344244 1.703736e-05 0.0003336625 -1.249691e-03 -0.0008589724 -0.0006316935 -0.0004294158  3.812482e-05  383.53941 1.0021125
beta[6]   0.0017218814 1.632151e-05 0.0003599689  1.025894e-03  0.0014788479  0.0017146659  0.0019649599  2.431342e-03  486.41747 1.0080131
beta[7]   0.0004288732 1.816204e-05 0.0003638032 -3.162980e-04  0.0001900024  0.0004473865  0.0006725139  1.091515e-03  401.23951 1.0060024
beta[8]   0.0644578101 7.142913e-05 0.0007355447  6.306781e-02  0.0639407755  0.0644370904  0.0649731716  6.587841e-02  106.03943 1.0330882
beta[9]   0.0006143559 2.535948e-05 0.0004067964 -1.561446e-04  0.0003299668  0.0005988245  0.0008816434  1.421950e-03  257.32003 1.0009133
beta[10]  0.0004235545 6.525984e-06 0.0002083246  1.822502e-05  0.0002833161  0.0004236814  0.0005590855  8.462661e-04 1019.03510 0.9987215
beta[11]  0.0001301795 3.874406e-05 0.0004964722 -8.519180e-04 -0.0001949990  0.0001286915  0.0004545872  1.103519e-03  164.20248 1.0110043
beta[12]  0.0034150110 3.106786e-05 0.0003722892  2.679805e-03  0.0031518547  0.0034185952  0.0036662839  4.121462e-03  143.59461 1.0171250
beta[13] -0.0028754794 6.583492e-05 0.0007061577 -4.216143e-03 -0.0033390884 -0.0029054638 -0.0024023368 -1.354941e-03  115.05108 1.0135972
beta[14] -0.0013206010 9.972454e-05 0.0007838272 -2.794715e-03 -0.0018240777 -0.0013755603 -0.0008666769  2.672467e-04   61.77839 1.0451783
beta[15]  0.0031084013 1.865123e-04 0.0009970713  1.387754e-03  0.0024252362  0.0030999044  0.0037254850  5.077692e-03   28.57836 1.0455925
beta[16] -0.0117681874 1.179137e-04 0.0008439387 -1.322618e-02 -0.0123831138 -0.0118059610 -0.0111737121 -1.006694e-02   51.22634 1.1030125
beta[17]  0.0219096461 1.102646e-04 0.0007619834  2.055575e-02  0.0214479664  0.0218753721  0.0223216443  2.370815e-02   47.75500 1.0135370
sigma_e   0.0235011115 3.918745e-06 0.0001339306  2.325139e-02  0.0234103952  0.0235003092  0.0235906009  2.375563e-02 1168.06169 0.9999900
--------------------------------------------------------------------------------------------------------------------------------------------
TRIGLICERIDI
RSS:  2371.993
RMSE:  0.1503856
RMSE/SD:  0.3244409
                 mean      se_mean           sd          2.5%          25%          50%          75%        97.5%      n_eff      Rhat
beta[1]   0.004060799 1.648232e-04 0.0045061023 -0.0047071306  0.001001378  0.004032944  0.007068649  0.012580776  747.42136 0.9986752
beta[2]   0.128023263 1.119887e-04 0.0022668802  0.1233404901  0.126568196  0.128054431  0.129590060  0.132293491  409.74003 1.0017187
beta[3]  -0.014990290 9.449222e-05 0.0021009994 -0.0191240032 -0.016321508 -0.015029498 -0.013570888 -0.010899985  494.37866 1.0030225
beta[4]   0.030532890 9.130697e-05 0.0021864477  0.0260964988  0.029094191  0.030481295  0.032007190  0.034761704  573.41663 1.0026664
beta[5]   0.039103630 1.710222e-04 0.0029662392  0.0332085458  0.037125708  0.039119386  0.041120049  0.044962777  300.82062 1.0008644
beta[6]   0.069358363 1.103946e-04 0.0022731313  0.0651969172  0.067764342  0.069331730  0.070926542  0.073880936  423.98767 1.0005110
beta[7]   0.018904425 1.079868e-04 0.0023644158  0.0141408038  0.017348029  0.019001008  0.020452322  0.023522082  479.40893 0.9983442
beta[8]   0.133339375 2.698278e-04 0.0036022484  0.1262151387  0.130820077  0.133435239  0.135781681  0.140128439  178.22723 1.0201314
beta[9]  -0.004565948 5.852741e-04 0.0045994822 -0.0146178458 -0.007461363 -0.004507384 -0.001567676  0.004474151   61.75885 1.0569587
beta[10]  0.006997061 6.364534e-04 0.0050495729 -0.0023596461  0.003491518  0.007030702  0.010579384  0.016573952   62.94715 1.0200965
beta[11]  0.009837993 4.503926e-04 0.0047673155  0.0008247673  0.006681150  0.009802769  0.012992770  0.019247729  112.03800 1.0304790
beta[12]  0.058080700 2.362916e-04 0.0029851197  0.0521142656  0.056183584  0.058158835  0.060067475  0.063824959  159.59785 1.0116595
sigma_e   0.251785042 2.273041e-05 0.0009134196  0.2500056943  0.251152383  0.251786722  0.252441616  0.253439804 1614.82712 0.9985373 
-------------------------------------------------------------------------------------------------------------------------------------
GLUCOSIO
RSS:  734.8036
RMSE:  0.08370187
RMSE/SD:  0.7133229
                  mean      se_mean           sd          2.5%           25%           50%           75%         97.5%     n_eff      Rhat
beta[1]  -0.0010067431 3.278148e-05 0.0010169158 -0.0029165491 -1.632795e-03 -0.0010106809 -3.552993e-04  0.0010008945  962.3054 0.9999274
beta[2]   0.0015058356 2.063212e-05 0.0005581321  0.0004329711  1.121280e-03  0.0014919828  1.872807e-03  0.0025975367  731.7900 1.0098946
beta[3]  -0.0156947981 1.897334e-04 0.0050811006 -0.0252581055 -1.925106e-02 -0.0156049688 -1.207355e-02 -0.0055870209  717.1799 0.9982130
beta[4]   0.0148661311 3.228998e-04 0.0085960340 -0.0023432503  8.716041e-03  0.0146463960  2.092644e-02  0.0311685280  708.6970 0.9982563
beta[5]  -0.0002626415 1.959354e-05 0.0005155150 -0.0012359341 -6.074060e-04 -0.0002651420  7.135266e-05  0.0007267403  692.2399 0.9989430
beta[6]  -0.0074299296 2.264020e-05 0.0006047394 -0.0086126541 -7.841936e-03 -0.0074205843 -6.986903e-03 -0.0063188113  713.4706 1.0002363
beta[7]  -0.0086262224 2.302211e-05 0.0005722790 -0.0097122589 -9.023710e-03 -0.0086258158 -8.239120e-03 -0.0074813503  617.9100 1.0000789
beta[8]  -0.0140741647 1.753367e-05 0.0005081680 -0.0150730058 -1.442326e-02 -0.0140707453 -1.372407e-02 -0.0131272164  839.9804 0.9991516
beta[9]   0.0176804844 6.832617e-05 0.0010045265  0.0157683608  1.696613e-02  0.0177022960  1.838824e-02  0.0195428498  216.1467 1.0070888
beta[10] -0.0008560456 3.406403e-05 0.0007111814 -0.0022349467 -1.337294e-03 -0.0008515816 -3.489428e-04  0.0004947264  435.8818 0.9981328
beta[11]  0.0013600354 1.102504e-05 0.0003866102  0.0005981792  1.098634e-03  0.0013670347  1.643911e-03  0.0020970199 1229.6634 0.9983657
beta[12] -0.0068838384 2.732270e-04 0.0072648186 -0.0205420360 -1.192258e-02 -0.0067486995 -1.721259e-03  0.0074796613  706.9724 0.9981983
beta[13]  0.0007830200 7.855373e-05 0.0010630556 -0.0013783432  8.956562e-05  0.0008166857  1.542005e-03  0.0027185954  183.1379 1.0059082
beta[14]  0.0006393000 7.415793e-05 0.0010835352 -0.0014756938 -5.805952e-05  0.0005845170  1.348907e-03  0.0027969818  213.4867 1.0011028
beta[15]  0.0097991705 7.028572e-05 0.0008471549  0.0081043138  9.266187e-03  0.0098079971  1.032582e-02  0.0114061692  145.2752 1.0110878
sigma_e   0.0951064095 6.703862e-06 0.0002310003  0.0946428693  9.495488e-02  0.0951098408  9.526076e-02  0.0955346787 1187.3400 0.9984025 
--------------------------------------------------------------------------------------------------------------------------------------
PMAX
RSS:  291.4586
RMSE:  0.05271545
RMSE/SD:  0.6710244
                  mean      se_mean           sd          2.5%           25%           50%           75%         97.5%     n_eff      Rhat
beta[1]  -1.055896e-03 1.360804e-05 0.0006543417 -0.0022692191 -0.0015277552 -1.080397e-03 -5.989701e-04  0.0002705714 2312.1626 0.9984510
beta[2]  -8.919207e-04 9.340365e-06 0.0003299682 -0.0015332566 -0.0011175616 -8.963249e-04 -6.678459e-04 -0.0002134294 1248.0055 0.9990534
beta[3]  -1.056057e-02 7.168201e-05 0.0029381213 -0.0162074749 -0.0125691284 -1.046632e-02 -8.571851e-03 -0.0048088371 1680.0378 1.0000456
beta[4]   4.185547e-03 1.112570e-05 0.0003833572  0.0034428756  0.0039252228  4.194708e-03  4.440895e-03  0.0049531301 1187.2779 0.9995685
beta[5]   1.378248e-02 1.183691e-04 0.0049688313  0.0040583960  0.0104475310  1.362475e-02  1.708813e-02  0.0237838348 1762.1037 0.9996832
beta[6]  -8.942975e-04 9.223375e-06 0.0003292515 -0.0015017907 -0.0011244750 -8.881087e-04 -6.722616e-04 -0.0002507632 1274.3122 1.0012953
beta[7]  -2.614220e-03 8.947488e-06 0.0003039966 -0.0032099378 -0.0028233336 -2.618629e-03 -2.410139e-03 -0.0019855927 1154.3440 0.9985170
beta[8]  -2.868435e-04 8.158898e-06 0.0002767161 -0.0008647106 -0.0004547475 -2.889794e-04 -9.997043e-05  0.0002326169 1150.2858 1.0001016
beta[9]   1.742104e-02 2.937164e-05 0.0005719612  0.0162968497  0.0170315701  1.744033e-02  1.781118e-02  0.0185666867  379.2073 1.0019351
beta[10]  5.018877e-05 1.481084e-05 0.0004128688 -0.0007751355 -0.0002216455  6.207994e-05  3.298435e-04  0.0008154837  777.0789 0.9990351
beta[11]  7.717319e-03 6.519744e-06 0.0002257828  0.0072512114  0.0075686140  7.724738e-03  7.863075e-03  0.0081521476 1199.2797 0.9987344
beta[12] -1.530719e-02 1.020230e-04 0.0042091661 -0.0237316958 -0.0180671823 -1.511052e-02 -1.247431e-02 -0.0073615250 1702.1433 0.9999604
beta[13] -1.168148e-03 4.257880e-05 0.0006584261 -0.0023598439 -0.0016020337 -1.192709e-03 -7.615087e-04  0.0001685521  239.1263 1.0081754
beta[14] -2.714365e-03 3.402208e-05 0.0006377368 -0.0039537117 -0.0031165073 -2.727093e-03 -2.280690e-03 -0.0014768878  351.3672 1.0100544
beta[15]  2.332234e-02 2.067406e-05 0.0004951461  0.0224087343  0.0229883866  2.330040e-02  2.364895e-02  0.0243338727  573.6079 1.0022946
sigma_e   5.860434e-02 4.376756e-06 0.0001406109  0.0583340412  0.0585129689  5.860518e-02  5.869396e-02  0.0588884664 1032.1272 0.9990161 