$summary
                  mean      se_mean           sd         2.5%           25%           50%          75%        97.5%
beta[1]   0.0055414049 1.262217e-04 0.0047554143 -0.003121952  2.270986e-03  0.0053920407  0.008706567  0.015225381
beta[2]   0.0008641774 3.484406e-05 0.0010870375 -0.001291230  1.582621e-04  0.0008520476  0.001627522  0.002907199
beta[3]  -0.0960469461 3.220044e-04 0.0130646284 -0.120290505 -1.054438e-01 -0.0955992883 -0.087302687 -0.070185070
beta[4]  -0.0510328457 3.714860e-04 0.0109142260 -0.072928347 -5.848415e-02 -0.0505958897 -0.043480999 -0.029808598
beta[5]   0.0919517108 6.258748e-04 0.0162200862  0.062263488  8.104360e-02  0.0915972226  0.103011197  0.124919773
beta[6]   0.0547690196 4.479196e-04 0.0160539803  0.023217384  4.334019e-02  0.0543976506  0.064834055  0.085241882
beta[7]   0.0318826648 3.147158e-05 0.0010225519  0.029941921  3.115488e-02  0.0318673352  0.032594779  0.033854303
beta[8]   0.0982549308 7.585089e-04 0.0169188278  0.067797350  8.658021e-02  0.0980362246  0.110647302  0.131433371
beta[9]   0.0728013742 4.512778e-05 0.0012758773  0.070416141  7.192795e-02  0.0727329290  0.073689555  0.075327641
beta[10]  0.0295001196 4.473674e-05 0.0011871424  0.027139197  2.872693e-02  0.0295308064  0.030319959  0.031769851
beta[11] -0.0111140275 3.277608e-05 0.0009953248 -0.013137440 -1.178717e-02 -0.0110895047 -0.010460865 -0.009124516
beta[12]  0.1559171265 1.757252e-04 0.0023619560  0.151208639  1.542731e-01  0.1559145589  0.157566729  0.160651465
beta[13]  0.0114384222 7.349546e-05 0.0014708771  0.008607647  1.043444e-02  0.0114603950  0.012435699  0.014224819
beta[14]  0.0111877865 1.848807e-05 0.0006856393  0.009809283  1.075011e-02  0.0111957520  0.011641682  0.012502190
beta[15] -0.0088078944 5.215358e-04 0.0159849766 -0.042150643 -1.896520e-02 -0.0080746805  0.002097907  0.021049614
beta[16] -0.0021506294 1.476230e-03 0.0045165108 -0.011586385 -5.083230e-03 -0.0019250110  0.000841768  0.006734549
beta[17]  0.0376823022 8.137069e-04 0.0046696166  0.028839908  3.429966e-02  0.0377154785  0.040812995  0.046414764
beta[18]  0.0028898642 1.503200e-03 0.0058224180 -0.011044582 -7.876942e-05  0.0037605291  0.006725800  0.012379035
beta[19]  0.0783642952 1.489985e-04 0.0020579178  0.074771155  7.683714e-02  0.0783115198  0.079652117  0.082376758
sigma_e   0.1725607736 1.237388e-05 0.0004037004  0.171768478  1.722793e-01  0.1725672431  0.172825723  0.173370576
phi       0.0017650769 2.732646e-05 0.0004436983  0.000911957  1.442733e-03  0.0017556274  0.002076271  0.002636545
               n_eff      Rhat
beta[1]  1419.411612 0.9997683
beta[2]   973.265879 0.9983568
beta[3]  1646.154663 0.9991648
beta[4]   863.179022 1.0035567
beta[5]   671.632081 1.0046547
beta[6]  1284.592577 0.9988505
beta[7]  1055.683184 1.0002374
beta[8]   497.529909 1.0013416
beta[9]   799.337137 1.0033352
beta[10]  704.169114 1.0018857
beta[11]  922.179887 1.0007929
beta[12]  180.665591 1.0035942
beta[13]  400.526967 0.9994302
beta[14] 1375.333405 1.0030388
beta[15]  939.411351 1.0013921
beta[16]    9.360474 1.1303353
beta[17]   32.932631 1.1051842
beta[18]   15.002835 1.0792670
beta[19]  190.762166 0.9992698
sigma_e  1064.404017 0.9980715
phi       263.638448 0.9988194


RSS:  2402.384

RMSE:  0.1681655

RMSE/SD:  0.4089997

