$summary
                  mean      se_mean           sd          2.5%           25%           50%           75%         97.5%
beta[1]  -0.0008257383 2.173174e-05 0.0010555735 -2.935960e-03 -0.0014891174 -0.0008361673 -0.0001369473  0.0014037279
beta[2]   0.0021529077 1.799199e-05 0.0005689541  1.027489e-03  0.0017697916  0.0021459202  0.0025013652  0.0033676063
beta[3]   0.0113494636 1.752173e-04 0.0072223153 -3.178118e-03  0.0064410396  0.0115260212  0.0166874836  0.0243784036
beta[4]  -0.0171179301 1.993804e-04 0.0062342517 -2.899744e-02 -0.0216305922 -0.0170378173 -0.0128111412 -0.0048093614
beta[5]   0.0023941051 2.938830e-04 0.0087192016 -1.460520e-02 -0.0033948278  0.0023144383  0.0077789123  0.0200535456
beta[6]   0.0164575640 2.275068e-04 0.0084740577 -2.888008e-04  0.0110166816  0.0162318659  0.0223327852  0.0325754927
beta[7]   0.0001912433 1.614938e-05 0.0005281346 -7.975622e-04 -0.0001760679  0.0002050374  0.0005301535  0.0011791662
beta[8]  -0.0131891228 3.660562e-04 0.0088142436 -3.063167e-02 -0.0192877462 -0.0130306399 -0.0068159725  0.0031820907
beta[9]  -0.0080880386 2.171792e-05 0.0006512574 -9.357372e-03 -0.0085349373 -0.0080740053 -0.0076352556 -0.0068628428
beta[10] -0.0086736088 1.878053e-05 0.0005929746 -9.831833e-03 -0.0090544204 -0.0086785210 -0.0082610421 -0.0075291626
beta[11] -0.0135644806 1.567363e-05 0.0005168813 -1.455783e-02 -0.0138962200 -0.0135694064 -0.0132141587 -0.0125670901
beta[12]  0.0111797070 8.312098e-05 0.0016391861  8.127570e-03  0.0100295645  0.0112166518  0.0122826764  0.0143240864
beta[13] -0.0011244308 2.831602e-05 0.0007502444 -2.632264e-03 -0.0016261478 -0.0010955525 -0.0006229580  0.0002685581
beta[14]  0.0011143620 1.160650e-05 0.0003798757  3.872547e-04  0.0008561721  0.0011097515  0.0013715835  0.0018914265
beta[15] -0.0164892733 2.986478e-04 0.0088443488 -3.355997e-02 -0.0225247889 -0.0164416827 -0.0104908625  0.0007567709
beta[16] -0.0002492122 7.850695e-05 0.0011131974 -2.329413e-03 -0.0010004813 -0.0002883356  0.0004620424  0.0020695591
beta[17]  0.0021683504 7.369173e-05 0.0011188764  3.878632e-05  0.0014291212  0.0021646911  0.0029669470  0.0042949545
beta[18]  0.0010165731 7.521492e-05 0.0010697540 -1.047984e-03  0.0002979827  0.0009859216  0.0017565088  0.0031195735
beta[19]  0.0071335861 4.812282e-05 0.0009033654  5.371839e-03  0.0065418801  0.0071676302  0.0077258872  0.0089527589
sigma_e   0.0943055135 7.720236e-06 0.0002457917  9.381427e-02  0.0941406516  0.0942946034  0.0944670550  0.0948035026
phi       0.0000000000          NaN 0.0000000000  0.000000e+00  0.0000000000  0.0000000000  0.0000000000  0.0000000000
gamma[1]  0.0069852278 1.060950e-04 0.0017772722  3.616937e-03  0.0057385802  0.0070019883  0.0082104660  0.0103516145
gamma[2]  0.0018568594 2.890446e-05 0.0007509620  3.429954e-04  0.0013359895  0.0018682046  0.0023717273  0.0033006012
gamma[3] -0.0002949752 4.182552e-05 0.0009715833 -2.201753e-03 -0.0009605903 -0.0002829134  0.0003685595  0.0015370202
             n_eff      Rhat
beta[1]  2359.3265 0.9987761
beta[2]   999.9910 0.9989230
beta[3]  1699.0221 0.9985026
beta[4]   977.6962 0.9998865
beta[5]   880.2469 0.9991916
beta[6]  1387.3753 0.9985308
beta[7]  1069.4921 0.9986058
beta[8]   579.7952 1.0016374
beta[9]   899.2258 1.0005164
beta[10]  996.9116 0.9985246
beta[11] 1087.5334 0.9980774
beta[12]  388.8976 1.0019393
beta[13]  702.0065 1.0038384
beta[14] 1071.2246 1.0005342
beta[15]  877.0273 1.0005178
beta[16]  201.0611 1.0050329
beta[17]  230.5296 1.0116372
beta[18]  202.2832 1.0115579
beta[19]  352.3910 1.0027715
sigma_e  1013.6157 1.0009630
phi            NaN       NaN
gamma[1]  280.6198 1.0039375
gamma[2]  675.0037 1.0054997
gamma[3]  539.6067 0.9998432

$c_summary
, , chains = chain:1

          stats
parameter           mean           sd          2.5%           25%           50%           75%         97.5%
  beta[1]  -0.0008050808 0.0010216585 -0.0026079913 -0.0014535865 -0.0008215194 -0.0001389379  0.0012325545
  beta[2]   0.0021526525 0.0005831406  0.0010292458  0.0017648660  0.0021369950  0.0025016473  0.0034495389
  beta[3]   0.0112763723 0.0072681105 -0.0027719826  0.0064287772  0.0111909044  0.0169096278  0.0235928744
  beta[4]  -0.0169840281 0.0063143177 -0.0290545521 -0.0213564340 -0.0167790223 -0.0125102440 -0.0050704924
  beta[5]   0.0022230910 0.0090650320 -0.0150464189 -0.0037941586  0.0021385229  0.0077583918  0.0203812565
  beta[6]   0.0164122753 0.0085772623 -0.0002633873  0.0107500766  0.0164015911  0.0224154250  0.0322129420
  beta[7]   0.0001886326 0.0005165649 -0.0007932384 -0.0001665122  0.0002216817  0.0005251216  0.0011497331
  beta[8]  -0.0129050663 0.0089792789 -0.0300333864 -0.0189558487 -0.0129189097 -0.0065328190  0.0039132923
  beta[9]  -0.0080930639 0.0006634737 -0.0093487297 -0.0085637363 -0.0080800974 -0.0076240037 -0.0068398044
  beta[10] -0.0086806012 0.0006146980 -0.0099353313 -0.0090622950 -0.0086940804 -0.0082570808 -0.0074682916
  beta[11] -0.0135592457 0.0005213323 -0.0146001024 -0.0138962200 -0.0135712590 -0.0131826444 -0.0125689767
  beta[12]  0.0112547697 0.0016204758  0.0081366305  0.0101117644  0.0113046877  0.0122930351  0.0143402033
  beta[13] -0.0011229487 0.0007239918 -0.0025956175 -0.0016122099 -0.0010978937 -0.0006396620  0.0002355508
  beta[14]  0.0010983281 0.0003854857  0.0003876094  0.0008292249  0.0010792416  0.0013481455  0.0018991241
  beta[15] -0.0162692948 0.0088651523 -0.0328178869 -0.0221863032 -0.0161971819 -0.0106036860  0.0009968215
  beta[16] -0.0003522534 0.0010657781 -0.0023247345 -0.0010544220 -0.0004069720  0.0003404002  0.0018971460
  beta[17]  0.0022149581 0.0010939195  0.0001642621  0.0014997279  0.0021800288  0.0030087391  0.0043276173
  beta[18]  0.0010275843 0.0010089181 -0.0007933510  0.0003683870  0.0009699531  0.0017445764  0.0031124932
  beta[19]  0.0071958389 0.0008753311  0.0055190715  0.0065984250  0.0072380499  0.0077692538  0.0088774023
  sigma_e   0.0942953392 0.0002515595  0.0938016332  0.0941324248  0.0942946034  0.0944629702  0.0947650805
  phi       0.0000000000 0.0000000000  0.0000000000  0.0000000000  0.0000000000  0.0000000000  0.0000000000
  gamma[1]  0.0068422013 0.0016554728  0.0036701770  0.0056662549  0.0069053772  0.0079867751  0.0099367686
  gamma[2]  0.0018765931 0.0007470786  0.0003899837  0.0013276447  0.0018384858  0.0023850259  0.0033095948
  gamma[3] -0.0002990588 0.0009591116 -0.0021674036 -0.0009668099 -0.0002769330  0.0003224357  0.0015036001

, , chains = chain:2

          stats
parameter           mean           sd          2.5%           25%           50%           75%         97.5%
  beta[1]  -0.0008463958 0.0010890650 -0.0030061900 -0.0015510065 -0.0008567344 -0.0001301518  0.0014489881
  beta[2]   0.0021531629 0.0005549893  0.0010310548  0.0017719208  0.0021576763  0.0024976841  0.0031941140
  beta[3]   0.0114225549 0.0071827623 -0.0033951518  0.0064410396  0.0118568696  0.0163636878  0.0247123504
  beta[4]  -0.0172518321 0.0061565522 -0.0288384792 -0.0220133032 -0.0171691933 -0.0131150333 -0.0047330436
  beta[5]   0.0025651192 0.0083646812 -0.0128202873 -0.0029066957  0.0025499207  0.0078184769  0.0197095033
  beta[6]   0.0165028528 0.0083779280 -0.0004318916  0.0114923012  0.0161824646  0.0221099860  0.0326274323
  beta[7]   0.0001938540 0.0005399615 -0.0008081024 -0.0001792006  0.0001806924  0.0005373904  0.0012113505
  beta[8]  -0.0134731794 0.0086457115 -0.0309087920 -0.0193139833 -0.0132873412 -0.0070835366  0.0022000392
  beta[9]  -0.0080830134 0.0006394328 -0.0093865028 -0.0085006948 -0.0080625014 -0.0076401451 -0.0068684705
  beta[10] -0.0086666164 0.0005709560 -0.0097694799 -0.0090450376 -0.0086680504 -0.0082650781 -0.0075609415
  beta[11] -0.0135697156 0.0005128603 -0.0144961672 -0.0138959275 -0.0135650008 -0.0132518518 -0.0125686701
  beta[12]  0.0111046443 0.0016559027  0.0081299053  0.0098708244  0.0110733093  0.0122526074  0.0141923095
  beta[13] -0.0011259130 0.0007763330 -0.0028114041 -0.0016626856 -0.0010826682 -0.0005897174  0.0003036749
  beta[14]  0.0011303958 0.0003738795  0.0003918980  0.0008719258  0.0011390374  0.0013963763  0.0018506296
  beta[15] -0.0167092518 0.0088268834 -0.0337479681 -0.0228835870 -0.0169283995 -0.0103873515  0.0006030639
  beta[16] -0.0001461710 0.0011505388 -0.0023100803 -0.0009142818 -0.0001772203  0.0006076848  0.0021894459
  beta[17]  0.0021217427 0.0011424817 -0.0001359953  0.0013029111  0.0021566838  0.0029155079  0.0041379459
  beta[18]  0.0010055619 0.0011282207 -0.0013881430  0.0002803510  0.0010249268  0.0017724844  0.0031241593
  beta[19]  0.0070713333 0.0009272556  0.0050852099  0.0064759253  0.0070836259  0.0076885725  0.0089873052
  sigma_e   0.0943156879 0.0002397051  0.0938471646  0.0941591104  0.0942949587  0.0944793307  0.0948152530
  phi       0.0000000000 0.0000000000  0.0000000000  0.0000000000  0.0000000000  0.0000000000  0.0000000000
  gamma[1]  0.0071282544 0.0018820568  0.0034253158  0.0059303904  0.0071149126  0.0083724666  0.0106439036
  gamma[2]  0.0018371257 0.0007550570  0.0002717442  0.0013480985  0.0018764825  0.0023637242  0.0031977219
  gamma[3] -0.0002908916 0.0009848408 -0.0022486910 -0.0009434337 -0.0002892266  0.0004124584  0.0015690190


TRAIN SET
RSS:  687.6183
RMSE:  0.09264678
RMSE/SD:  0.7945022

TEST SET
RSS:  49.97161
RMSE:  0.1094172
RMSE/SD:  0.858732
