$summary
                  mean      se_mean           sd          2.5%           25%           50%           75%         97.5%
beta[1]  -1.071766e-03 2.976028e-05 0.0010310583 -0.0031379362 -1.769507e-03 -1.087912e-03 -0.0003583721  0.0008717270
beta[2]   2.137887e-03 1.900706e-05 0.0005869319  0.0009933365  1.738370e-03  2.146938e-03  0.0025247364  0.0032921118
beta[3]   1.052625e-02 1.756911e-04 0.0068717323 -0.0034477742  6.196904e-03  1.046908e-02  0.0152635693  0.0235601152
beta[4]  -1.698021e-02 2.160861e-04 0.0062212655 -0.0290928000 -2.116610e-02 -1.708929e-02 -0.0128299978 -0.0046781881
beta[5]   2.237813e-03 3.026740e-04 0.0082161290 -0.0141464001 -3.304253e-03  2.067789e-03  0.0079075692  0.0182794304
beta[6]   1.650034e-02 2.590814e-04 0.0084942253 -0.0001934203  1.072560e-02  1.656949e-02  0.0222863645  0.0323498411
beta[7]  -1.321290e-04 1.817348e-05 0.0005363886 -0.0011605382 -4.950478e-04 -1.312087e-04  0.0002308536  0.0009362338
beta[8]  -1.157441e-02 3.711080e-04 0.0082800953 -0.0271001919 -1.741520e-02 -1.182627e-02 -0.0060591251  0.0045781342
beta[9]  -7.838932e-03 2.019496e-05 0.0006127225 -0.0090010817 -8.279252e-03 -7.828734e-03 -0.0074236309 -0.0066511966
beta[10] -8.741950e-03 1.960078e-05 0.0005973434 -0.0099055961 -9.137335e-03 -8.756578e-03 -0.0083131326 -0.0075907266
beta[11] -1.415615e-02 1.592198e-05 0.0005119676 -0.0151672222 -1.449358e-02 -1.415540e-02 -0.0138088871 -0.0131884456
beta[12]  1.699783e-02 5.422278e-05 0.0009490304  0.0150494140  1.632541e-02  1.702977e-02  0.0176848757  0.0187898909
beta[13] -1.350921e-03 3.590358e-05 0.0007286115 -0.0027693559 -1.831828e-03 -1.377688e-03 -0.0008886872  0.0001529855
beta[14]  1.312803e-03 1.039274e-05 0.0003658652  0.0006259427  1.059766e-03  1.320716e-03  0.0015596474  0.0020350167
beta[15] -1.568844e-02 3.261472e-04 0.0089453818 -0.0318975404 -2.203505e-02 -1.566203e-02 -0.0101330399  0.0026347070
beta[16] -5.790593e-05 8.965413e-05 0.0010955333 -0.0021073728 -8.183205e-04 -2.474702e-05  0.0006882819  0.0020655631
beta[17]  2.177005e-03 7.504867e-05 0.0011630630 -0.0001530159  1.369829e-03  2.211787e-03  0.0029612111  0.0046008206
beta[18]  7.581501e-04 7.470629e-05 0.0010291482 -0.0011118190  2.150944e-05  6.987219e-04  0.0014451580  0.0029322237
beta[19]  9.562168e-03 4.782761e-05 0.0008228626  0.0080466727  9.000289e-03  9.540797e-03  0.0101118716  0.0112000463
sigma_e   9.507720e-02 7.686097e-06 0.0002444979  0.0945866829  9.490282e-02  9.507559e-02  0.0952474282  0.0955494344
phi       1.475387e-04 7.276819e-06 0.0001756812 -0.0001866572  1.871528e-05  1.481833e-04  0.0002657857  0.0004852731
             n_eff      Rhat
beta[1]  1200.3074 0.9984137
beta[2]   953.5546 0.9995954
beta[3]  1529.7941 0.9982790
beta[4]   828.9035 0.9997401
beta[5]   736.8586 1.0014368
beta[6]  1074.9174 0.9991993
beta[7]   871.1294 1.0011587
beta[8]   497.8173 1.0033514
beta[9]   920.5382 0.9994162
beta[10]  928.7555 1.0013272
beta[11] 1033.9296 0.9989087
beta[12]  306.3350 1.0061951
beta[13]  411.8286 0.9996275
beta[14] 1239.3164 0.9983017
beta[15]  752.2644 1.0002173
beta[16]  149.3174 1.0278315
beta[17]  240.1710 1.0172180
beta[18]  189.7761 1.0104671
beta[19]  296.0038 1.0156878
sigma_e  1011.9025 1.0040861
phi       582.8642 1.0005437

RSS:  733.3371

RMSE:  0.09291109

RMSE/SD:  0.7917651
