PMAX

                  mean      se_mean           sd          2.5%           25%           50%           75%         97.5%    n_eff      Rhat
beta[1]  -1.198971e-03 1.018996e-05 0.0008441666 -0.0028629987 -0.0017607453 -0.0011996651 -0.0006423499  0.0004678650 6862.963 0.9999703
beta[2]   2.212658e-04 1.512412e-05 0.0009894404 -0.0016589517 -0.0004311351  0.0002099873  0.0008779129  0.0021700645 4279.951 1.0004280
beta[3]   5.377718e-04 1.751659e-05 0.0010867900 -0.0016008165 -0.0002006625  0.0005078616  0.0012634548  0.0026956728 3849.391 1.0000793
beta[4]   2.476164e-02 4.610711e-04 0.0238558760 -0.0222307641  0.0084459437  0.0245641164  0.0405821111  0.0719278817 2677.041 1.0005268
beta[5]  -7.997922e-03 3.018378e-04 0.0153346710 -0.0377380580 -0.0184688785 -0.0080329725  0.0022797430  0.0219352263 2581.081 1.0005017
beta[6]  -5.189774e-03 3.930408e-04 0.0216521432 -0.0468794683 -0.0197045799 -0.0052115789  0.0091730541  0.0374530592 3034.775 1.0006630
beta[7]   2.110858e-02 3.984225e-04 0.0204814746 -0.0177564576  0.0074449510  0.0210908486  0.0350555234  0.0622725025 2642.620 0.9997748
beta[8]  -2.524939e-03 1.353356e-05 0.0009147138 -0.0042610110 -0.0031402509 -0.0025365734 -0.0019084020 -0.0007453681 4568.214 0.9998202
beta[9]  -1.822607e-02 2.696096e-04 0.0130779478 -0.0438913427 -0.0268713974 -0.0180706954 -0.0092560301  0.0063430007 2352.928 1.0016221
beta[10] -3.272275e-04 1.615798e-05 0.0010561918 -0.0023559329 -0.0010306881 -0.0003427747  0.0003730976  0.0018065856 4272.787 1.0004179
beta[11] -1.564043e-03 1.537653e-05 0.0009726981 -0.0034678072 -0.0022064800 -0.0015711312 -0.0009243701  0.0003353208 4001.653 0.9997275
beta[12] -1.982101e-03 1.515571e-05 0.0009793910 -0.0038684784 -0.0026735616 -0.0019888781 -0.0013182136 -0.0000693923 4175.993 1.0004730
beta[13]  1.729546e-02 1.921777e-05 0.0011068564  0.0151220557  0.0165455159  0.0173044485  0.0180174088  0.0194678421 3317.238 1.0012515
beta[14]  1.522954e-03 1.648617e-05 0.0010070273 -0.0005053844  0.0008553950  0.0015452491  0.0021888217  0.0034439274 3731.152 1.0006521
beta[15]  9.418458e-03 1.153687e-05 0.0007737916  0.0079480458  0.0088890769  0.0094081535  0.0099467927  0.0109459948 4498.543 1.0005806
beta[16] -3.430537e-02 4.167535e-04 0.0202538624 -0.0746383137 -0.0479558449 -0.0343248003 -0.0206506806  0.0045061363 2361.876 1.0000667
beta[17] -5.283590e-04 1.651678e-05 0.0009805996 -0.0023793809 -0.0011982468 -0.0005438099  0.0001261559  0.0014150445 3524.787 1.0002736
beta[18]  8.079740e-04 1.473263e-05 0.0009333283 -0.0010048715  0.0001794129  0.0007971286  0.0014323456  0.0026631516 4013.361 1.0001228
beta[19]  9.755918e-05 1.697166e-05 0.0010328876 -0.0019032637 -0.0006140468  0.0001155364  0.0007834771  0.0021364961 3703.886 1.0007695
beta[20]  8.976268e-04 1.780156e-05 0.0010268779 -0.0010668713  0.0001708878  0.0008904426  0.0015922104  0.0028972692 3327.526 0.9999791
beta[21] -3.163857e-03 2.086536e-05 0.0012153184 -0.0056072706 -0.0039793224 -0.0031678598 -0.0023396410 -0.0007855111 3392.567 0.9995323
beta[22] -1.406378e-03 1.804936e-05 0.0010339609 -0.0034491991 -0.0020948241 -0.0014138544 -0.0006861302  0.0005552541 3281.592 0.9999936
beta[23]  2.578890e-02 1.904552e-05 0.0011321354  0.0236325687  0.0249964275  0.0257870692  0.0265495247  0.0279751853 3533.547 1.0000808
sigma_e   5.829839e-02 9.468607e-06 0.0005629407  0.0571910488  0.0579073896  0.0582896610  0.0586835326  0.0594099193 3534.705 1.0009327
-----------------------------------------------------------------------------------
COLESTEROLO

                  mean      se_mean           sd         2.5%          25%           50%           75%         97.5%     n_eff     Rhat
beta[1]  -0.0011768845 5.111701e-05 0.0028058398 -0.006412398 -0.003062554 -0.0011836119  0.0006585266  0.0044933257 3012.9706 1.000155
beta[2]   0.0478957070 6.391680e-05 0.0020171620  0.043824683  0.046525539  0.0479016583  0.0492920216  0.0517051343  995.9821 1.001575
beta[3]   0.0188362641 6.232674e-05 0.0020918678  0.014734967  0.017426215  0.0188366764  0.0202380032  0.0229951321 1126.4702 1.004445
beta[4]   0.0032565706 1.174887e-03 0.0414265544 -0.075385834 -0.024442628  0.0034961102  0.0308705886  0.0840053755 1243.2702 1.002687
beta[5]  -0.0489492258 7.398429e-04 0.0251169557 -0.097056804 -0.066215867 -0.0485306927 -0.0323251851  0.0006541705 1152.5374 1.002156
beta[6]   0.0300343128 8.737198e-04 0.0348300807 -0.037863950  0.005934134  0.0312124894  0.0535997802  0.0969875816 1589.1489 1.000982
beta[7]   0.0536608307 9.459389e-04 0.0335441228 -0.010828621  0.030657571  0.0535295594  0.0760429721  0.1216996504 1257.4963 1.001201
beta[8]  -0.0064014584 5.113738e-05 0.0017974842 -0.009901795 -0.007650660 -0.0064068507 -0.0051618159 -0.0028959548 1235.5297 1.002059
beta[9]  -0.0299462341 9.112340e-04 0.0278071222 -0.085746738 -0.048225792 -0.0296248503 -0.0109100446  0.0227533531  931.2199 1.003732
beta[10] -0.0121709009 6.255727e-05 0.0020156158 -0.016068633 -0.013549101 -0.0121880415 -0.0107755544 -0.0082416591 1038.1495 1.003667
beta[11] -0.0065358170 5.794562e-05 0.0019116161 -0.010322884 -0.007846604 -0.0064971720 -0.0052462121 -0.0028228455 1088.3289 1.001982
beta[12]  0.0002116412 5.419276e-05 0.0018973458 -0.003611045 -0.001029268  0.0002298771  0.0015016559  0.0038466184 1225.7741 1.008152
beta[13] -0.0772992264 1.376656e-04 0.0029571454 -0.083272209 -0.079315805 -0.0772513659 -0.0753207000 -0.0714722284  461.4182 1.015455
beta[14] -0.0010086769 7.068701e-05 0.0021241181 -0.005142024 -0.002438144 -0.0010136420  0.0004282151  0.0032066937  902.9798 1.000884
beta[15] -0.0036182664 2.234446e-05 0.0012223266 -0.006000340 -0.004459137 -0.0036211214 -0.0027928417 -0.0012655086 2992.5040 1.000905
beta[16] -0.0369058535 1.027230e-03 0.0340755390 -0.105989954 -0.060076793 -0.0367372231 -0.0134613429  0.0291605459 1100.3980 1.003188
beta[17] -0.0081333067 8.872791e-05 0.0022632428 -0.012675138 -0.009596628 -0.0081275748 -0.0066410346 -0.0037877264  650.6416 1.006357
beta[18] -0.0096630067 5.848386e-05 0.0019878245 -0.013517215 -0.011048213 -0.0096922091 -0.0083256880 -0.0057409775 1155.2715 1.001043
beta[19]  0.0032057937 1.461149e-04 0.0028779347 -0.002373748  0.001251255  0.0032167539  0.0051648023  0.0087705642  387.9474 1.013386
beta[20]  0.0044074949 1.435830e-04 0.0029262356 -0.001494449  0.002432918  0.0043960653  0.0063836226  0.0100249812  415.3483 1.006261
beta[21]  0.0465288807 1.623101e-04 0.0033015574  0.040138099  0.044300954  0.0464590853  0.0487788913  0.0529556140  413.7581 1.005011
beta[22] -0.0010846096 1.587585e-04 0.0030065247 -0.007024771 -0.003086575 -0.0011133576  0.0009746828  0.0047829493  358.6374 1.006675
beta[23] -0.0114287743 1.556172e-04 0.0031996131 -0.017728254 -0.013619052 -0.0114397147 -0.0092903591 -0.0050366452  422.7461 1.007533
sigma_e   0.0794013243 1.636712e-05 0.0007850002  0.077875275  0.078871219  0.0793960883  0.0799219137  0.0809548228 2300.3559 1.000072
---------------------------------------------------------------------------------
CIRCONFERENZA VITA
                  mean      se_mean           sd          2.5%           25%           50%           75%         97.5%     n_eff      Rhat
beta[1]  -1.386728e-03 9.817136e-06 0.0008148805 -2.969737e-03 -0.0019470650 -1.369980e-03 -8.490155e-04  2.136745e-04 6889.9855 0.9995463
beta[2]  -4.065502e-04 1.372893e-05 0.0005892135 -1.570132e-03 -0.0007925426 -4.193492e-04 -1.167826e-05  7.326275e-04 1841.9249 1.0000757
beta[3]  -1.350056e-03 1.245945e-05 0.0006230309 -2.566093e-03 -0.0017790483 -1.345277e-03 -9.313320e-04 -1.380775e-04 2500.4693 0.9996493
beta[4]  -1.297769e-02 2.944872e-04 0.0129438928 -3.800855e-02 -0.0218447980 -1.302993e-02 -4.213431e-03  1.208378e-02 1931.9544 1.0007659
beta[5]   1.968516e-03 1.554451e-04 0.0076789160 -1.270641e-02 -0.0033969581  1.828265e-03  7.258914e-03  1.719943e-02 2440.3135 0.9992292
beta[6]  -5.842731e-03 2.233277e-04 0.0110229297 -2.771667e-02 -0.0133224829 -5.830314e-03  1.565007e-03  1.587186e-02 2436.1778 1.0011128
beta[7]  -1.077388e-03 2.114545e-04 0.0099904783 -1.995825e-02 -0.0082006855 -1.032794e-03  5.773123e-03  1.856324e-02 2232.2291 0.9999262
beta[8]  -1.050137e-03 1.175907e-05 0.0005661139 -2.155112e-03 -0.0014345131 -1.055926e-03 -6.619433e-04  4.659445e-05 2317.7243 1.0011588
beta[9]   2.436730e-02 2.317548e-04 0.0083924394  8.067020e-03  0.0187421754  2.437597e-02  2.983622e-02  4.101637e-02 1311.3512 1.0015121
beta[10]  2.590176e-03 1.279924e-05 0.0006204788  1.362205e-03  0.0021754819  2.587898e-03  3.008639e-03  3.764453e-03 2350.0945 1.0006147
beta[11]  5.143937e-06 1.282481e-05 0.0005883815 -1.142926e-03 -0.0004006726  4.907393e-07  4.102127e-04  1.122286e-03 2104.8269 1.0009048
beta[12]  1.660730e-04 1.162311e-05 0.0005836291 -9.913683e-04 -0.0002274426  1.636188e-04  5.587313e-04  1.296091e-03 2521.3253 1.0008093
beta[13]  7.477977e-02 3.303143e-05 0.0009234370  7.292989e-02  0.0741739779  7.479973e-02  7.539551e-02  7.660287e-02  781.5553 1.0012326
beta[14]  1.361617e-03 1.645963e-05 0.0006540877  7.610019e-05  0.0009398023  1.353865e-03  1.796726e-03  2.662118e-03 1579.1804 1.0024447
beta[15]  9.580118e-04 5.853457e-06 0.0003804894  2.184549e-04  0.0006961411  9.611819e-04  1.218099e-03  1.706952e-03 4225.3267 1.0000287
beta[16]  1.041280e-02 2.429932e-04 0.0102191259 -9.643052e-03  0.0034805874  1.031409e-02  1.753802e-02  3.005241e-02 1768.6400 1.0003916
beta[17] -1.221075e-04 1.776273e-05 0.0006945182 -1.484641e-03 -0.0005971628 -1.170421e-04  3.595165e-04  1.221141e-03 1528.7902 1.0028686
beta[18]  5.630586e-03 1.259155e-05 0.0005928264  4.490036e-03  0.0052178575  5.626145e-03  6.039024e-03  6.776533e-03 2216.6478 1.0019996
beta[19] -3.170981e-03 3.773056e-05 0.0009053788 -4.880352e-03 -0.0038022559 -3.175397e-03 -2.541535e-03 -1.385994e-03  575.8034 1.0069592
beta[20] -1.433477e-03 3.842747e-05 0.0009172240 -3.296235e-03 -0.0020219445 -1.419258e-03 -8.194900e-04  3.451506e-04  569.7276 1.0037270
beta[21] -6.489363e-03 4.121414e-05 0.0010111713 -8.527748e-03 -0.0071876826 -6.452513e-03 -5.799869e-03 -4.577817e-03  601.9453 1.0020869
beta[22]  2.500895e-03 3.323691e-05 0.0009014330  7.636193e-04  0.0018740192  2.504631e-03  3.121891e-03  4.257633e-03  735.5726 1.0040371
beta[23]  2.780197e-02 3.572846e-05 0.0009688345  2.589064e-02  0.0271347872  2.781511e-02  2.844266e-02  2.972368e-02  735.3104 1.0043674
sigma_e   2.465669e-02 5.821913e-06 0.0002585631  2.415161e-02  0.0244735132  2.465806e-02  2.483558e-02  2.516754e-02 1972.4296 1.0007076
----------------------------------------------------------------------------------
GLUCOSIO
                  mean      se_mean           sd          2.5%           25%           50%           75%         97.5%    n_eff      Rhat
beta[1]  -0.0006276362 1.379107e-05 0.0012016374 -0.0029674366 -0.0014199208 -0.0006388622  1.544905e-04  0.0017926931 7591.908 0.9992902
beta[2]  -0.0031178521 2.251131e-05 0.0014666675 -0.0060216594 -0.0040969465 -0.0031045288 -2.139849e-03 -0.0002334789 4244.844 0.9998968
beta[3]   0.0004447968 2.735363e-05 0.0016507406 -0.0027592044 -0.0006582599  0.0004652084  1.559565e-03  0.0037236154 3641.898 0.9996738
beta[4]  -0.0025330195 7.153799e-04 0.0362021925 -0.0739326899 -0.0257153999 -0.0030295501  2.168799e-02  0.0679546734 2560.921 0.9995346
beta[5]  -0.0177195599 4.410075e-04 0.0233520148 -0.0624299698 -0.0339033661 -0.0175774114 -1.629575e-03  0.0273420245 2803.863 1.0000744
beta[6]   0.0177967550 6.168634e-04 0.0331102185 -0.0473081821 -0.0045847586  0.0178544969  3.978601e-02  0.0816778980 2881.019 0.9992203
beta[7]   0.0037277528 5.867527e-04 0.0317390554 -0.0587698499 -0.0170745191  0.0041508148  2.556156e-02  0.0653934325 2926.024 1.0002667
beta[8]  -0.0039540174 2.111331e-05 0.0013422631 -0.0065777459 -0.0048507256 -0.0039679758 -3.026213e-03 -0.0013946513 4041.685 1.0008232
beta[9]  -0.0129673178 3.741667e-04 0.0193817936 -0.0506372548 -0.0261868081 -0.0126403172 -4.280016e-05  0.0252696176 2683.229 1.0007414
beta[10] -0.0016754254 2.445035e-05 0.0015921607 -0.0047704025 -0.0027490260 -0.0016465589 -6.272517e-04  0.0014581893 4240.367 0.9996436
beta[11] -0.0016703155 2.224270e-05 0.0014563063 -0.0045465311 -0.0026243613 -0.0016610981 -6.728086e-04  0.0011598658 4286.773 1.0000561
beta[12] -0.0126509216 2.322388e-05 0.0014846690 -0.0155776763 -0.0136496073 -0.0126391126 -1.166855e-02 -0.0097198785 4086.860 1.0001631
beta[13]  0.0098951591 2.726602e-05 0.0015891417  0.0067344580  0.0088266465  0.0099413824  1.099088e-02  0.0129710885 3396.893 0.9993008
beta[14] -0.0006051725 2.355135e-05 0.0014971702 -0.0035307147 -0.0016658544 -0.0005954271  4.356322e-04  0.0022912895 4041.204 1.0002496
beta[15]  0.0021295076 1.670415e-05 0.0011927072 -0.0001587450  0.0013227737  0.0021089502  2.929594e-03  0.0044944686 5098.227 0.9993627
beta[16] -0.0101896786 5.930545e-04 0.0312822401 -0.0719025944 -0.0314037830 -0.0107375721  1.073213e-02  0.0516005920 2782.316 1.0007627
beta[17] -0.0035812362 2.205429e-05 0.0014023247 -0.0063563024 -0.0044970213 -0.0035810238 -2.659531e-03 -0.0008039843 4043.066 0.9994124
beta[18]  0.0032618575 2.145033e-05 0.0013686475  0.0006053354  0.0023294434  0.0032744154  4.193795e-03  0.0059594091 4071.133 0.9998686
beta[19] -0.0002501489 2.493154e-05 0.0015234987 -0.0031920258 -0.0012871210 -0.0002519373  7.926292e-04  0.0027568405 3734.100 0.9994112
beta[20]  0.0002077396 2.490625e-05 0.0015100891 -0.0026984811 -0.0008182822  0.0001854007  1.239437e-03  0.0032115434 3676.111 1.0002291
beta[21] -0.0020386111 2.998717e-05 0.0017688582 -0.0055115367 -0.0032444665 -0.0020437342 -8.164190e-04  0.0013915221 3479.486 1.0002667
beta[22]  0.0007733450 2.523662e-05 0.0015020350 -0.0022149027 -0.0002470112  0.0007859314  1.793232e-03  0.0037550453 3542.401 0.9992733
beta[23]  0.0154728598 2.775030e-05 0.0016831549  0.0122610960  0.0143197887  0.0155272277  1.662094e-02  0.0187488117 3678.857 0.9995938
sigma_e   0.0908910500 1.729903e-05 0.0008930185  0.0891342236  0.0902861508  0.0908787201  9.148076e-02  0.0927104779 2664.879 0.9996506
--------------------------------------------------------------------------------
TRIGLICERIDI
                 mean      se_mean          sd          2.5%           25%          50%           75%        97.5%    n_eff      Rhat
beta[1]   0.003641824 7.763607e-05 0.004559311 -0.0053868543  0.0006675659  0.003734383  0.0067523082 0.0124774801 3448.826 1.0001241
beta[2]   0.137117176 1.238589e-04 0.004867384  0.1277684221  0.1337867119  0.137039105  0.1404777996 0.1469816396 1544.317 1.0044050
beta[3]  -0.002861852 1.269442e-04 0.005232578 -0.0133196960 -0.0064405075 -0.002734092  0.0006246824 0.0073906401 1699.048 1.0005475
beta[4]  -0.024938029 2.804245e-03 0.110918892 -0.2446209335 -0.0982167906 -0.024168640  0.0507540470 0.1873642860 1564.513 1.0036167
beta[5]   0.072103522 1.940100e-03 0.071153654 -0.0693351309  0.0237819468  0.073070582  0.1205645581 0.2088589731 1345.075 1.0008413
beta[6]  -0.043154816 2.216054e-03 0.098079766 -0.2373071918 -0.1093847039 -0.042197245  0.0216191289 0.1459770062 1958.836 1.0020168
beta[7]  -0.030570132 2.564812e-03 0.093256757 -0.2167324923 -0.0928717683 -0.030752007  0.0318983678 0.1538383027 1322.055 1.0008146
beta[8]   0.024226558 1.084510e-04 0.004439784  0.0155101306  0.0213318526  0.024167002  0.0272646722 0.0330169506 1675.932 1.0003444
beta[9]   0.119898344 1.714560e-03 0.063684083 -0.0018109185  0.0776413070  0.118487261  0.1621826969 0.2487022827 1379.610 1.0037175
beta[10]  0.076828439 1.255447e-04 0.005129847  0.0668934819  0.0733321937  0.076781136  0.0803019734 0.0867772573 1669.600 1.0022080
beta[11]  0.022407434 1.149605e-04 0.004732573  0.0130054203  0.0192875555  0.022360957  0.0255654258 0.0313765378 1694.717 1.0024231
beta[12] -0.005710102 1.138763e-04 0.004669013 -0.0144999875 -0.0088669619 -0.005739504 -0.0026128209 0.0035628013 1681.061 0.9997402
beta[13]  0.091507714 1.684625e-04 0.005854486  0.0801353470  0.0875828483  0.091509130  0.0955191103 0.1030985027 1207.733 1.0031695
beta[14] -0.009095133 1.322396e-04 0.004982456 -0.0187706856 -0.0123680586 -0.009202943 -0.0057784359 0.0009912685 1419.594 1.0025749
beta[15]  0.013845375 5.848755e-05 0.003495363  0.0070582848  0.0114241419  0.013814959  0.0162783374 0.0207591278 3571.558 1.0016217
beta[16]  0.077058418 2.551129e-03 0.092294784 -0.1048229382  0.0152261475  0.078090553  0.1384143741 0.2562685154 1308.849 1.0026805
beta[17]  0.010477198 1.337761e-04 0.004879864  0.0007689489  0.0071746222  0.010525776  0.0137183271 0.0197599628 1330.633 1.0004504
beta[18]  0.018574589 1.122346e-04 0.004594496  0.0099320129  0.0154826721  0.018578597  0.0215754426 0.0277188233 1675.800 1.0020841
beta[19] -0.005715151 1.591048e-04 0.005480470 -0.0164804550 -0.0093650912 -0.005667204 -0.0021840041 0.0048551789 1186.504 1.0062550
beta[20] -0.005172232 1.646021e-04 0.005573842 -0.0163832747 -0.0088009989 -0.005104148 -0.0013305065 0.0056538539 1146.671 1.0018118
beta[21] -0.007577993 1.844511e-04 0.006363328 -0.0199829864 -0.0119259997 -0.007515401 -0.0031836536 0.0047515458 1190.163 1.0013197
beta[22]  0.008810433 1.709645e-04 0.005519540 -0.0014859882  0.0050674916  0.008689510  0.0124777719 0.0199922397 1042.303 1.0015156
beta[23]  0.037319310 1.827855e-04 0.006014499  0.0255663956  0.0333228112  0.037418403  0.0414886284 0.0485546387 1082.718 1.0021783
sigma_e   0.242481603 5.479222e-05 0.002473280  0.2375174844  0.2408046141  0.242397693  0.2441599999 0.2472592645 2037.553 1.0010337
---------------------------------------------------------------------------------
