$summary
                  mean      se_mean           sd          2.5%           25%           50%           75%         97.5%       n_eff      Rhat
beta[1]  -0.0006954173 6.596871e-05 0.0025791129 -0.0056511241 -0.0024328490 -0.0007658798  9.148631e-04  0.0046167407 1528.497704 1.0005684
beta[2]   0.0259096644 2.156629e-05 0.0003849133  0.0251495446  0.0256499997  0.0259313834  2.614590e-02  0.0266587942  318.547908 1.0102208
beta[3]  -0.0247413569 1.548547e-04 0.0046757583 -0.0341113490 -0.0278459452 -0.0248480667 -2.154665e-02 -0.0155509633  911.707547 1.0016954
beta[4]  -0.0741132056 1.514673e-04 0.0038317561 -0.0818568337 -0.0767066910 -0.0740444554 -7.154730e-02 -0.0665233230  639.967941 1.0076131
beta[5]   0.0882407419 2.345923e-04 0.0057768056  0.0766349394  0.0843488813  0.0884126872  9.209451e-02  0.0988082242  606.384183 1.0046341
beta[6]   0.0760822920 1.832187e-04 0.0053850680  0.0655963112  0.0723908916  0.0761519095  7.947514e-02  0.0870521130  863.859275 1.0007252
beta[7]  -0.0063465986 1.535904e-05 0.0003570744 -0.0070217452 -0.0065956506 -0.0063497379 -6.092861e-03 -0.0056754998  540.491851 1.0023952
beta[8]  -0.0256694838 3.955922e-04 0.0063150134 -0.0374709704 -0.0298472907 -0.0258265030 -2.142075e-02 -0.0133904248  254.831482 1.0155574
beta[9]  -0.0002550194 1.869932e-05 0.0004489990 -0.0011144811 -0.0005439260 -0.0002748265  3.587773e-05  0.0006278686  576.552871 1.0011870
beta[10]  0.0001221133 1.719239e-05 0.0004103882 -0.0006592038 -0.0001724825  0.0001253713  4.151735e-04  0.0008836731  569.793320 1.0074008
beta[11] -0.0097629010 1.286815e-05 0.0003434694 -0.0104446511 -0.0099955927 -0.0097629632 -9.536054e-03 -0.0090775823  712.432366 1.0009729
beta[12] -0.0667023345 1.559832e-04 0.0014977473 -0.0694162660 -0.0677769630 -0.0667576565 -6.572606e-02 -0.0634898388   92.197949 0.9989936
beta[13]  0.0020006366 4.272875e-05 0.0005362060  0.0010119892  0.0016302334  0.0019829768  2.371285e-03  0.0030543554  157.479133 1.0252990
beta[14] -0.0007750161 7.240463e-06 0.0002449160 -0.0012702025 -0.0009361554 -0.0007713454 -6.057816e-04 -0.0002961956 1144.199207 0.9982801
beta[15] -0.0528665458 2.554942e-04 0.0055075489 -0.0634964865 -0.0566850392 -0.0528739295 -4.917061e-02 -0.0416494946  464.680579 1.0123843
beta[16]  0.0029699827 8.291739e-04 0.0027350840 -0.0018680207  0.0007416370  0.0029828482  5.085144e-03  0.0083427590   10.880532 1.1730771
beta[17]  0.0509665065 1.713018e-03 0.0026685771  0.0461608164  0.0491493672  0.0508160233  5.305931e-02  0.0555815577    2.426811 1.3199592
beta[18]  0.0005025925 5.037003e-04 0.0024979258 -0.0038517195 -0.0011800346  0.0002455700  1.955324e-03  0.0063063035   24.593179 1.1007780
beta[19] -0.0060023427 8.374487e-05 0.0008613790 -0.0077173725 -0.0065723240 -0.0059904715 -5.425649e-03 -0.0043731653  105.796692 1.0019512
sigma_e   0.0577831818 3.862788e-06 0.0001445779  0.0575200141  0.0576812498  0.0577795581  5.788521e-02  0.0580646971 1400.883133 0.9982655
phi       0.0021186119 1.182593e-05 0.0001604764  0.0018060612  0.0020064108  0.0021131968  2.224565e-03  0.0024311931  184.141462 1.0180876
gamma[1] -0.0126285356 3.736042e-04 0.0020186427 -0.0170943640 -0.0137905040 -0.0125465378 -1.127683e-02 -0.0089716416   29.194129 1.0304681
gamma[2] -0.0461769755 2.968816e-05 0.0005085716 -0.0471767377 -0.0465040296 -0.0461833608 -4.582097e-02 -0.0452021724  293.452299 1.0090525

$c_summary
, , chains = chain:1

          stats
parameter           mean           sd          2.5%           25%           50%           75%         97.5%
  beta[1]  -0.0005826580 0.0026055791 -0.0053665072 -0.0022785442 -0.0007070032  1.056230e-03  0.0046762605
  beta[2]   0.0258627393 0.0003806420  0.0251168143  0.0256046014  0.0259017328  2.612150e-02  0.0265552579
  beta[3]  -0.0246082330 0.0047169233 -0.0345028588 -0.0276771665 -0.0246599860 -2.147312e-02 -0.0152336340
  beta[4]  -0.0739905743 0.0038633606 -0.0815037194 -0.0767998226 -0.0739128575 -7.138533e-02 -0.0664400492
  beta[5]   0.0880690345 0.0058905010  0.0765531141  0.0836691748  0.0882003828  9.217160e-02  0.0986154345
  beta[6]   0.0759719046 0.0053535041  0.0661775218  0.0721733085  0.0759824802  7.940671e-02  0.0867588599
  beta[7]  -0.0063292029 0.0003523171 -0.0070192394 -0.0065666910 -0.0063371262 -6.065603e-03 -0.0056714739
  beta[8]  -0.0256256131 0.0062079098 -0.0372469288 -0.0298763682 -0.0258086349 -2.092796e-02 -0.0135712972
  beta[9]  -0.0002389704 0.0004449141 -0.0011179685 -0.0005154096 -0.0002697712  5.205296e-05  0.0006884541
  beta[10]  0.0001582190 0.0004038311 -0.0005643122 -0.0001229548  0.0001449658  4.496432e-04  0.0009279698
  beta[11] -0.0097432595 0.0003426482 -0.0103915851 -0.0099783880 -0.0097492581 -9.510904e-03 -0.0090703027
  beta[12] -0.0666764151 0.0015389758 -0.0692016539 -0.0678606153 -0.0667891024 -6.571127e-02 -0.0631960787
  beta[13]  0.0020966111 0.0005227545  0.0010784743  0.0017676841  0.0021025725  2.451638e-03  0.0030953438
  beta[14] -0.0007789687 0.0002360727 -0.0012605281 -0.0009296028 -0.0007631626 -6.253635e-04 -0.0003354821
  beta[15] -0.0527924913 0.0053238308 -0.0632346611 -0.0563995349 -0.0528612547 -4.911184e-02 -0.0423594162
  beta[16]  0.0019816228 0.0024499810 -0.0020712730  0.0001376858  0.0018674938  3.541406e-03  0.0077956443
  beta[17]  0.0525661976 0.0020295574  0.0489195752  0.0508798535  0.0527048162  5.430831e-02  0.0557166366
  beta[18]  0.0007122748 0.0020660916 -0.0031758367 -0.0007907506  0.0006470559  2.104670e-03  0.0046442283
  beta[19] -0.0059678735 0.0009114341 -0.0077546296 -0.0065828817 -0.0059598315 -5.354638e-03 -0.0042168745
  sigma_e   0.0577834710 0.0001438537  0.0575210068  0.0576851202  0.0577834083  5.788144e-02  0.0580686746
  phi       0.0021064755 0.0001543581  0.0017717497  0.0020001414  0.0021086826  2.211108e-03  0.0024088031
  gamma[1] -0.0130634431 0.0021393009 -0.0176670325 -0.0142429894 -0.0129001214 -1.168355e-02 -0.0092193828
  gamma[2] -0.0461247647 0.0004836739 -0.0470836428 -0.0464530565 -0.0461219466 -4.579529e-02 -0.0451298895

, , chains = chain:2

          stats
parameter           mean           sd          2.5%           25%           50%           75%         97.5%
  beta[1]  -0.0008081766 0.0025499911 -0.0060203301 -0.0026580391 -7.785405e-04  7.172694e-04  0.0045373788
  beta[2]   0.0259565894 0.0003838127  0.0252127150  0.0257016657  2.595578e-02  2.618861e-02  0.0267508370
  beta[3]  -0.0248744809 0.0046351230 -0.0334401913 -0.0279186600 -2.504175e-02 -2.157991e-02 -0.0159762512
  beta[4]  -0.0742358369 0.0037997948 -0.0819032379 -0.0765762712 -7.420409e-02 -7.166535e-02 -0.0667809657
  beta[5]   0.0884124493 0.0056615154  0.0768303317  0.0848500734  8.862621e-02  9.205142e-02  0.0989532426
  beta[6]   0.0761926794 0.0054195575  0.0654373893  0.0726192526  7.630391e-02  7.982682e-02  0.0870549997
  beta[7]  -0.0063639944 0.0003612838 -0.0070268231 -0.0066191480 -6.358860e-03 -6.101173e-03 -0.0056767395
  beta[8]  -0.0257133545 0.0064262514 -0.0380437932 -0.0297661481 -2.587500e-02 -2.171846e-02 -0.0131765098
  beta[9]  -0.0002710683 0.0004529232 -0.0011102621 -0.0005721115 -2.799996e-04  2.282104e-05  0.0005993764
  beta[10]  0.0000860076 0.0004141044 -0.0007074233 -0.0002023426  9.041041e-05  3.652384e-04  0.0008663564
  beta[11] -0.0097825426 0.0003435082 -0.0104756628 -0.0100052157 -9.783505e-03 -9.568267e-03 -0.0090900997
  beta[12] -0.0667282539 0.0014564329 -0.0697436721 -0.0676922271 -6.673124e-02 -6.574727e-02 -0.0637032328
  beta[13]  0.0019046621 0.0005328026  0.0009900620  0.0014999337  1.881461e-03  2.247416e-03  0.0030502814
  beta[14] -0.0007710635 0.0002536262 -0.0012556586 -0.0009528640 -7.782978e-04 -5.885984e-04 -0.0002813135
  beta[15] -0.0529406002 0.0056897111 -0.0636027007 -0.0569750708 -5.288644e-02 -4.920812e-02 -0.0415406488
  beta[16]  0.0039583425 0.0026488351 -0.0012176343  0.0020269163  4.250959e-03  5.840972e-03  0.0085791438
  beta[17]  0.0493668155 0.0022381903  0.0454982221  0.0477476098  4.934246e-02  5.076243e-02  0.0540048690
  beta[18]  0.0002929102 0.0028521794 -0.0042022494 -0.0015799625 -2.508951e-04  1.659206e-03  0.0072454384
  beta[19] -0.0060368120 0.0008076764 -0.0076984402 -0.0065620695 -6.003631e-03 -5.528376e-03 -0.0045307993
  sigma_e   0.0577828926 0.0001454420  0.0575131070  0.0576800460  5.777679e-02  5.789009e-02  0.0580616414
  phi       0.0021307482 0.0001656363  0.0018224325  0.0020167550  2.120332e-03  2.237191e-03  0.0024465875
  gamma[1] -0.0121936281 0.0017895105 -0.0155602852 -0.0133167477 -1.214529e-02 -1.109041e-02 -0.0087645245
  gamma[2] -0.0462291864 0.0005276410 -0.0472260653 -0.0465589478 -4.624837e-02 -4.588678e-02 -0.0452221585

TRAIN SET
RSS:  899.6006
RMSE:  0.1059697
RMSE/SD:  0.4660038

TEST SET
RSS:  50.88419
RMSE:  0.1104117
RMSE/SD:  0.4750843
