$summary
                  mean      se_mean           sd          2.5%           25%           50%           75%         97.5%     n_eff      Rhat
beta[1]  -0.0010003742 1.455704e-05 0.0006424753 -0.0022476603 -0.0014165658 -0.0010062938 -5.618019e-04  0.0002119606 1947.9017 0.9981810
beta[2]  -0.0010724282 1.060762e-05 0.0003601399 -0.0017949434 -0.0013127794 -0.0010684498 -8.307717e-04 -0.0004075731 1152.6748 0.9984686
beta[3]   0.0001395661 1.022012e-04 0.0042792308 -0.0082397998 -0.0028542822  0.0003070516  3.131942e-03  0.0081950601 1753.1518 0.9992535
beta[4]  -0.0084471112 1.026837e-04 0.0036239247 -0.0155290263 -0.0108589865 -0.0084103379 -6.185362e-03 -0.0007946832 1245.5320 1.0004488
beta[5]   0.0050209826 1.448153e-04 0.0050030503 -0.0046197626  0.0017051163  0.0050197274  8.357634e-03  0.0148463668 1193.5511 0.9988345
beta[6]   0.0086444875 1.340324e-04 0.0050943802 -0.0012847687  0.0050032690  0.0085326506  1.201238e-02  0.0187523553 1444.6512 1.0002857
beta[7]  -0.0007328434 1.182821e-05 0.0003300357 -0.0014094996 -0.0009540786 -0.0007209583 -5.004878e-04 -0.0001591008  778.5446 1.0014790
beta[8]  -0.0017429073 1.899819e-04 0.0050546868 -0.0118131372 -0.0050934750 -0.0017426262  1.800642e-03  0.0076704472  707.8874 1.0001303
beta[9]  -0.0017457469 1.189649e-05 0.0003924738 -0.0025267214 -0.0020208523 -0.0017440925 -1.458223e-03 -0.0010340438 1088.3885 1.0003803
beta[10] -0.0037032173 1.249740e-05 0.0003563291 -0.0044034496 -0.0039459556 -0.0037078896 -3.465086e-03 -0.0029355230  812.9496 0.9995957
beta[11] -0.0002273447 9.603263e-06 0.0003274060 -0.0008678207 -0.0004326645 -0.0002314543 -1.170105e-05  0.0003886927 1162.3463 0.9987469
beta[12]  0.0143817728 5.586078e-05 0.0010192024  0.0123892929  0.0137172086  0.0143968736  1.503298e-02  0.0163516021  332.8947 0.9996240
beta[13]  0.0004613291 1.613496e-05 0.0004337828 -0.0003974993  0.0001875604  0.0004527955  7.369653e-04  0.0013330490  722.7843 1.0020167
beta[14]  0.0075188946 7.438687e-06 0.0002441868  0.0070377883  0.0073518376  0.0075182882  7.681207e-03  0.0079911740 1077.5856 0.9990539
beta[15] -0.0126100168 1.634912e-04 0.0051578353 -0.0222670550 -0.0163265915 -0.0126373126 -9.126209e-03 -0.0029644597  995.2824 1.0014877
beta[16]  0.0002122000 4.573144e-05 0.0007039545 -0.0010414587 -0.0002798747  0.0001642483  6.752973e-04  0.0016654196  236.9515 1.0018638
beta[17] -0.0030233572 4.285361e-05 0.0007361142 -0.0044377617 -0.0035303055 -0.0029872164 -2.555265e-03 -0.0015344877  295.0636 1.0148455
beta[18] -0.0013078860 4.560354e-05 0.0006829014 -0.0026816123 -0.0017298696 -0.0013098599 -8.712697e-04  0.0000332139  224.2430 1.0121342
beta[19]  0.0223775398 2.665400e-05 0.0005749432  0.0212231077  0.0219647377  0.0223925155  2.279226e-02  0.0234291870  465.2912 1.0014623
sigma_e   0.0578013759 4.624751e-06 0.0001482959  0.0575068517  0.0576957214  0.0577994095  5.790464e-02  0.0580878203 1028.2088 0.9989745
phi      -0.0005241248 3.871850e-06 0.0001055636 -0.0007298663 -0.0005973469 -0.0005233655 -4.508234e-04 -0.0003247358  743.3467 0.9998063
gamma[1]  0.0045033028 6.536596e-05 0.0011617358  0.0022239421  0.0037642915  0.0044196982  5.259613e-03  0.0069129986  315.8723 1.0018187
gamma[2]  0.0021183959 1.484647e-05 0.0004538406  0.0012291948  0.0018179069  0.0021222821  2.444752e-03  0.0030091052  934.4591 0.9984394
gamma[3]  0.0021776055 2.915510e-05 0.0006036170  0.0010076624  0.0017791625  0.0021532436  2.581133e-03  0.0033527031  428.6412 1.0058430
gamma[4] -0.0017440817 8.204128e-06 0.0002437163 -0.0022036012 -0.0019041471 -0.0017432162 -1.580412e-03 -0.0012739450  882.4784 0.9998958

$c_summary
, , chains = chain:1

          stats
parameter           mean           sd          2.5%           25%           50%           75%         97.5%
  beta[1]  -0.0009970774 0.0006418103 -0.0022792387 -0.0014067471 -0.0010120498 -5.569558e-04  0.0002244167
  beta[2]  -0.0010754820 0.0003664491 -0.0018103966 -0.0013155359 -0.0010616859 -8.304706e-04 -0.0003987319
  beta[3]   0.0002199698 0.0041877025 -0.0077898933 -0.0027383233  0.0002829070  3.207047e-03  0.0081882298
  beta[4]  -0.0086565127 0.0037420124 -0.0155236382 -0.0112147591 -0.0087032622 -6.345901e-03 -0.0009577604
  beta[5]   0.0051212543 0.0050219966 -0.0049132373  0.0020943021  0.0049276269  8.680237e-03  0.0152767323
  beta[6]   0.0089334951 0.0054101258 -0.0018822292  0.0049809125  0.0089432427  1.256436e-02  0.0187922805
  beta[7]  -0.0007477924 0.0003283177 -0.0014057316 -0.0009612035 -0.0007519311 -5.157927e-04 -0.0001815446
  beta[8]  -0.0019233259 0.0051001324 -0.0120614346 -0.0052412383 -0.0018114804  1.755833e-03  0.0074487398
  beta[9]  -0.0017598565 0.0004076067 -0.0025600019 -0.0020541520 -0.0017688440 -1.465365e-03 -0.0010219161
  beta[10] -0.0037161073 0.0003431648 -0.0043944892 -0.0039532354 -0.0037170084 -3.493378e-03 -0.0029771865
  beta[11] -0.0002350464 0.0003315791 -0.0008765177 -0.0004533942 -0.0002391520 -6.219473e-06  0.0003634738
  beta[12]  0.0143952668 0.0009401081  0.0127105061  0.0137855714  0.0143641578  1.496230e-02  0.0163740926
  beta[13]  0.0004529862 0.0004224142 -0.0003797960  0.0001898157  0.0004592330  7.129626e-04  0.0012356018
  beta[14]  0.0075225108 0.0002542952  0.0070161723  0.0073509460  0.0075191996  7.700727e-03  0.0080162115
  beta[15] -0.0129714513 0.0055163023 -0.0230591753 -0.0169009109 -0.0128971719 -9.409953e-03 -0.0028378196
  beta[16]  0.0002447778 0.0006722280 -0.0010197791 -0.0002132261  0.0002123811  6.772677e-04  0.0016490865
  beta[17] -0.0029452588 0.0007494826 -0.0044264625 -0.0034447392 -0.0029050806 -2.459782e-03 -0.0014589638
  beta[18] -0.0013646540 0.0006639429 -0.0027170238 -0.0017819579 -0.0013764962 -9.047054e-04 -0.0001091046
  beta[19]  0.0223716379 0.0005654301  0.0212236694  0.0219752717  0.0223739430  2.276603e-02  0.0234432423
  sigma_e   0.0578060213 0.0001450078  0.0575204637  0.0576968986  0.0578053662  5.790494e-02  0.0580912191
  phi      -0.0005207166 0.0001011613 -0.0006921311 -0.0005909107 -0.0005215002 -4.562060e-04 -0.0003198477
  gamma[1]  0.0044532704 0.0011464357  0.0021248441  0.0037739952  0.0044117829  5.142872e-03  0.0067043742
  gamma[2]  0.0021179188 0.0004666464  0.0012130867  0.0018005544  0.0021366565  2.451904e-03  0.0030188257
  gamma[3]  0.0021212468 0.0005955665  0.0010074852  0.0017231150  0.0021166574  2.500330e-03  0.0033675558
  gamma[4] -0.0017405375 0.0002364007 -0.0021760238 -0.0018938453 -0.0017335079 -1.586338e-03 -0.0012842945

, , chains = chain:2

          stats
parameter           mean           sd          2.5%           25%           50%           75%         97.5%
  beta[1]  -1.003671e-03 0.0006437655 -0.0022211096 -0.0014358501 -0.0010041611 -0.0005675518  0.0001886121
  beta[2]  -1.069374e-03 0.0003540590 -0.0017479812 -0.0013110433 -0.0010758116 -0.0008307717 -0.0004109521
  beta[3]   5.916237e-05 0.0043715582 -0.0084821773 -0.0031539720  0.0003613026  0.0029841875  0.0081031259
  beta[4]  -8.237710e-03 0.0034930570 -0.0154330153 -0.0106103043 -0.0082222826 -0.0060807936 -0.0008186306
  beta[5]   4.920711e-03 0.0049870419 -0.0040556239  0.0015399084  0.0050557055  0.0081974442  0.0142318151
  beta[6]   8.355480e-03 0.0047455855 -0.0002875615  0.0050965824  0.0082395690  0.0112295578  0.0185318724
  beta[7]  -7.178945e-04 0.0003313986 -0.0014084966 -0.0009495269 -0.0007037983 -0.0004874458 -0.0001519979
  beta[8]  -1.562489e-03 0.0050074282 -0.0112878501 -0.0049542080 -0.0015913560  0.0018864417  0.0079609861
  beta[9]  -1.731637e-03 0.0003766138 -0.0024742923 -0.0019997449 -0.0017211538 -0.0014522935 -0.0010585564
  beta[10] -3.690327e-03 0.0003689178 -0.0044067356 -0.0039393749 -0.0036930101 -0.0034421040 -0.0029251501
  beta[11] -2.196431e-04 0.0003233273 -0.0008403282 -0.0004147916 -0.0002172294 -0.0000209855  0.0004114344
  beta[12]  1.436828e-02 0.0010933712  0.0121145682  0.0136485358  0.0144478807  0.0151200411  0.0163445637
  beta[13]  4.696721e-04 0.0004451280 -0.0004227906  0.0001875604  0.0004492624  0.0007570694  0.0014735903
  beta[14]  7.515278e-03 0.0002338411  0.0070745833  0.0073540394  0.0075174144  0.0076708586  0.0079802814
  beta[15] -1.224858e-02 0.0047506272 -0.0215276568 -0.0153326049 -0.0123140053 -0.0090183236 -0.0030355928
  beta[16]  1.796222e-04 0.0007335392 -0.0010668731 -0.0003534179  0.0001360609  0.0006623487  0.0017211813
  beta[17] -3.101456e-03 0.0007147494 -0.0044954420 -0.0036015228 -0.0030677629 -0.0026263305 -0.0016769212
  beta[18] -1.251118e-03 0.0006973986 -0.0026251833 -0.0016796710 -0.0012591531 -0.0008063868  0.0001444409
  beta[19]  2.238344e-02 0.0005848083  0.0212377659  0.0219593637  0.0224012363  0.0228086470  0.0234185564
  sigma_e   5.779673e-02 0.0001515153  0.0574904476  0.0576951969  0.0577912010  0.0579042514  0.0580866066
  phi      -5.275329e-04 0.0001097852 -0.0007354798 -0.0006002798 -0.0005239038 -0.0004493325 -0.0003261071
  gamma[1]  4.553335e-03 0.0011758544  0.0024660409  0.0037539274  0.0044440752  0.0053553445  0.0069142666
  gamma[2]  2.118873e-03 0.0004411303  0.0012521721  0.0018332546  0.0021120742  0.0024301189  0.0029870251
  gamma[3]  2.233964e-03 0.0006069369  0.0010674452  0.0018203907  0.0022090136  0.0026943733  0.0033102447
  gamma[4] -1.747626e-03 0.0002510055 -0.0022133389 -0.0019113476 -0.0017564977 -0.0015765562 -0.0012385355

TRAIN SET
RSS:  261.6106
RMSE:  0.0571458
RMSE/SD:  0.7360135

TEST SET
RSS:  19.42035
RMSE:  0.06821067
RMSE/SD:  0.7674751
